DBRep_DrawableShape

CASCADE Topology V1, (c) Matra-Datavision
Locations 0
Curve2ds 327
1 0 0 1 0 
1 0 0 1 0 
1 6 0 0 -1 
1 0 0 0 1 
1 0 -17 1 0 
1 0 0 1 0 
1 0 0 0 -1 
1 0 0 0 1 
1 0 0 0 1 
1 0 0 1 0 
1 0 0 1 0 
1 0 17 1 0 
1 6 0 0 1 
1 0 0 1 0 
1 0 0 1 0 
1 0 1 1 0 
1 3.5 4.5 1 0 
1 0 0 0 1 
1 0 0 1 0 
1 3.5 3.5 0 1 
1 0 0 1 0 
1 0 0 1 0 
1 3.5 3.5 1 0 
1 1 0 0 1 
1 0 0 1 0 
1 4.5 3.5 0 1 
1 0 0 1 0 
1 0 1 1 0 
1 1.5 13.5 1 0 
1 0 0 0 1 
1 0 0 1 0 
1 1.5 12.5 0 1 
1 0 0 1 0 
1 0 0 1 0 
1 1.5 12.5 1 0 
1 1 0 0 1 
1 0 0 1 0 
1 2.5 12.5 0 1 
1 6 0 0 1 
1 0 17 1 0 
1 6 0 0 -1 
1 17 0 0 1 
1 0 0 0 1 
1 0 17 1 0 
1 0 -17 1 0 
1 0 17 1 0 
1 0 0 0 -1 
1 17 0 0 1 
1 1 0 0 -1 
1 1 0 0 1 
1 0 0 -1 0 
1 0.70710678118654757 0.70710678118654757 0.70710678118654757 -0.70710678118654757 
1 0 -1 1 0 
1 0 0 0 -1 
1 1 0 0 1 
1 0 0 0 -1 
1 0 0 0 1 
1 0 -11.543396380615196 -1 0 
1 0 0 0.70710678118654757 0.70710678118654757 
1 0 1 1 0 
1 1 0 0 -1 
1 0 0 0 1 
1 0 0 1 0 
1 0 0 0.70710678118654757 -0.70710678118654757 
1 0 -1 1 0 
1 0 -11.543396380615196 1 0 
1 0.70710678118654757 -0.70710678118654757 0.70710678118654757 0.70710678118654757 
1 0 1 1 0 
1 1 0 0 -1 
1 1 0 0 1 
1 0 1 -1 0 
1 0.70710678118654757 0.70710678118654757 0.70710678118654757 -0.70710678118654757 
1 0 -1 1 0 
1 0 0 0 -1 
1 1 0 0 1 
1 0 0 0 -1 
1 0 0 0 1 
1 0 -0 -1 0 
1 0 0 0.70710678118654757 0.70710678118654757 
1 0 1 1 0 
1 1 0 0 -1 
1 0 0 0 1 
1 0 1 1 0 
1 0 0 0.70710678118654757 -0.70710678118654757 
1 0 -1 1 0 
1 0 0 1 0 
1 0.70710678118654757 -0.70710678118654757 0.70710678118654757 0.70710678118654757 
1 0 1 1 0 
1 0 0 0 1 
6 0 1 -1 -11.543396380615196  -1 0  
1 0 1 -1 0 
1 0.70710678118654757 0.70710678118654757 0.70710678118654757 -0.70710678118654757 
8 0 1
1 0 0 -1 0 
1 -1 0 0 1 
6 0 1 1 -11.543396380615196  1 0  
1 0 0 0 1 
6 0 1 0 -11.543396380615196  0 0  
1 0 0 -1 0 
1 0 0 0.70710678118654757 0.70710678118654757 
1 1 0 0 1 
7 0 0  1 2 2  0 -11.543396380615196  0 0 
 0 2 1 2
1 0 1 1 0 
1 0 0 0.70710678118654757 -0.70710678118654757 
1 0 0 1 0 
1 0.70710678118654757 -0.70710678118654757 0.70710678118654757 0.70710678118654757 
1 0 0 1 0 
1 0 1 1 0 
8 0 1
1 0 0 -1 0 
1 0 0 0 1 
6 0 1 -1 -13.647344063956183  -1 0  
1 -1 0 0 1 
6 0 1 1 -13.647344063956183  1 0  
1 0 0 0 1 
1 0 0 1 0 
1 0 0 0 1 
6 0 1 0 -13.647344063956183  0 0  
1 0 0 1 0 
1 0 0 1 0 
8 0 1
1 0 1 -1 0 
8 0 1
1 0 0 1 0 
1 1 0 0 1 
7 0 0  1 2 2  0 -13.647344063956183  0 0 
 0 2 1 2
1 1 0 0 1 
1 0 0 1 0 
1 0 0 0 1 
7 0 0  1 2 2  0 -10.04987562112089  0 0 
 0 2 1 2
1 0 1 -1 0 
1 0 0 0.70710678118654757 0.70710678118654757 
8 0 1
1 0 0 1 0 
1 -1 0 0 1 
7 0 0  1 2 2  0 -10.04987562112089  0 0 
 0 2 1 2
1 0 0 0 -1 
1 0 0 0 1 
1 0 0 0 1 
1 0 1 1 0 
1 0 0 0 -1 
1 1 0 0 1 
1 0 -10.049875621120892 1 0 
1 0 0 0.70710678118654757 -0.70710678118654757 
1 1 0 0 -1 
1 0 0 0 1 
1 0 -1 1 0 
1 0 0 1 0 
1 1 0 0 1 
1 0 1 1 0 
1 1 0 0 -1 
1 1 0 0 1 
1 0 -10.049875621120892 -1 0 
1 0.70710678118654757 0.70710678118654757 0.70710678118654757 -0.70710678118654757 
1 1 0 0 -1 
1 1 0 0 1 
1 0 -1 1 0 
1 0 1 1 0 
1 0 0 0 -1 
1 1 0 0 1 
1 0 0 0 -1 
1 0 0 0 1 
1 0 0 0 1 
1 0 1 1 0 
1 0 1 -1 0 
1 0.70710678118654757 0.70710678118654757 0.70710678118654757 -0.70710678118654757 
8 0 1
1 0 0 -1 0 
1 0 0 0 1 
7 0 0  1 2 2  0 -10.04987562112089  0 0 
 0 2 1 2
1 -1 0 0 1 
7 0 0  1 2 2  0 -10.04987562112089  0 0 
 0 2 1 2
1 1 0 0 -1 
1 0 0 0 1 
1 1 0 0 1 
1 0 1 1 0 
1 0 0 0 1 
6 0 1 1 -10.04987562112089  1 0  
1 0 0 1 0 
1 0 0 0.70710678118654757 -0.70710678118654757 
1 1 0 0 1 
7 0 0  1 2 2  0 -10.198039027185569  0 0 
 0 2 1 2
1 0 1 1 0 
1 0 0 0.70710678118654757 -0.70710678118654757 
8 0 1
1 0 0 1 0 
1 0 0 0 1 
6 0 1 0 -10.198039027185569  0 0  
1 0 0 -1 0 
1 0.70710678118654757 0.70710678118654757 0.70710678118654757 -0.70710678118654757 
1 1 0 0 1 
7 0 0  1 2 2  -1 -10.04987562112089  -1 0 
 0 2 1 2
1 0 -1 1 0 
1 0 1 1 0 
1 0 0 1 0 
1 0.70710678118654757 -0.70710678118654757 0.70710678118654757 0.70710678118654757 
1 0 -1 1 0 
1 0 0 1 0 
8 0 1
1 0 1 1 0 
1 0 0 0 -1 
1 1 0 0 1 
1 0 -10.049875621120892 1 0 
1 0 0 0.70710678118654757 -0.70710678118654757 
1 0 0 0 1 
6 0 1 1 -10.04987562112089  1 0  
1 0 1 1 0 
1 0.70710678118654757 -0.70710678118654757 0.70710678118654757 0.70710678118654757 
8 0 1
1 0 0 -1 0 
1 0 0 0 1 
6 0 1 -1 -12.041594578792296  -1 0  
1 -1 0 0 1 
6 0 1 1 -12.041594578792296  1 0  
1 1 0 0 -1 
1 1 0 0 1 
1 0 -10.049875621120892 -1 0 
1 0.70710678118654757 0.70710678118654757 0.70710678118654757 -0.70710678118654757 
1 1 0 0 1 
7 0 0  1 2 2  -1 -10.04987562112089  -1 0 
 0 2 1 2
1 0 1 1 0 
1 0.70710678118654757 -0.70710678118654757 0.70710678118654757 0.70710678118654757 
1 0 0 0 1 
1 0 1 1 0 
1 0 0 0 -1 
1 1 0 0 1 
1 0 0 0 1 
1 0 0 1 0 
1 0 -10.198039027185571 -1 0 
1 0 0 0.70710678118654757 0.70710678118654757 
1 1 0 0 1 
1 0 0 1 0 
1 0.70710678118654757 -0.70710678118654757 0.70710678118654757 0.70710678118654757 
1 0 -10.198039027185571 1 0 
1 -1 0 0 1 
6 0 1 1 -10.198039027185569  1 0  
1 0 0 1 0 
1 0.70710678118654757 -0.70710678118654757 0.70710678118654757 0.70710678118654757 
1 1 0 0 1 
7 0 0  1 2 2  -1 -12.16552506059644  -1 0 
 0 2 1 2
1 0 0 0 1 
6 0 1 1 -12.165525060596439  1 0  
1 0 0 -1 0 
1 0 0 0.70710678118654757 0.70710678118654757 
1 0 0 0 1 
6 0 1 -1 -10.198039027185569  -1 0  
1 1 0 0 1 
1 0 1 1 0 
1 1 0 0 -1 
1 1 0 0 1 
1 0 -1 1 0 
1 0 1 1 0 
1 0 0 1 0 
1 0.70710678118654757 -0.70710678118654757 0.70710678118654757 0.70710678118654757 
1 0 0 0 -1 
1 0 0 0 1 
1 0 0 0 1 
1 0 1 1 0 
1 0 0 -1 0 
1 0 0 0.70710678118654757 0.70710678118654757 
1 0 0 0 1 
1 0 1 1 0 
1 0 -12.041594578792296 -1 0 
1 0 0 0.70710678118654757 0.70710678118654757 
1 0 0 0 1 
6 0 1 0 -12.041594578792296  0 0  
1 1 0 0 1 
1 0 1 1 0 
1 0.70710678118654757 -0.70710678118654757 0.70710678118654757 0.70710678118654757 
1 0 -12.041594578792296 1 0 
1 0 0 1 0 
1 0.70710678118654757 -0.70710678118654757 0.70710678118654757 0.70710678118654757 
1 1 0 0 1 
7 0 0  1 2 2  0 -12.041594578792296  0 0 
 0 2 1 2
1 1 0 0 -1 
1 0 0 0 1 
1 1 0 0 1 
1 0 1 1 0 
1 0 -1 1 0 
1 0 1 1 0 
1 0 0 1 0 
1 0 1 1 0 
1 0 0 -1 0 
1 0.70710678118654757 0.70710678118654757 0.70710678118654757 -0.70710678118654757 
1 0 1 -1 0 
1 0.70710678118654757 0.70710678118654757 0.70710678118654757 -0.70710678118654757 
1 1 0 0 -1 
1 0 0 0 1 
1 0 -12.16552506059644 -1 0 
1 0.70710678118654757 0.70710678118654757 0.70710678118654757 -0.70710678118654757 
1 1 0 0 -1 
1 1 0 0 1 
1 1 0 0 1 
1 0 0 1 0 
1 -1 0 0 1 
7 0 0  1 2 2  0 -12.16552506059644  0 0 
 0 2 1 2
1 0 -0 -1 0 
1 0.70710678118654757 0.70710678118654757 0.70710678118654757 -0.70710678118654757 
1 0 0 0 -1 
1 0 0 0 1 
1 0 -12.16552506059644 1 0 
1 0 0 0.70710678118654757 -0.70710678118654757 
1 0 0 1 0 
1 0 0 0.70710678118654757 -0.70710678118654757 
1 0 0 0 1 
7 0 0  1 2 2  0 -12.165525060596439  0 0 
 0 2 1 2
1 0 0 0 -1 
1 1 0 0 1 
1 0 0 0 1 
1 0 0 1 0 
1 0 -1 1 0 
1 0 0 1 0 
1 0 1 1 0 
1 0 0 0.70710678118654757 -0.70710678118654757 
1 0 0 0 -1 
1 0 0 0 1 
1 0 0 0 1 
1 0 0 1 0 
1 0 -1 1 0 
1 0 0 1 0 
1 0 0 1 0 
1 0 0 0.70710678118654757 -0.70710678118654757 
1 1 0 0 -1 
1 0 0 0 1 
1 1 0 0 1 
1 0 0 1 0 
1 0 0 1 0 
1 0 1 1 0 
1 0 0 1 0 
1 0 0 1 0 
1 0 0 -1 0 
1 0 0 0.70710678118654757 0.70710678118654757 
1 0 1 -1 0 
1 0 0 0.70710678118654757 0.70710678118654757 
1 0 0 1 0 
1 0 0 1 0 
Curves 136
1 0 0 0 0 0 1 
1 0 0 6 -0 1 0 
1 0 17 0 0 0 1 
1 0 0 0 -0 1 0 
1 0 0 0 1 0 -0 
1 17 0 0 0 0 1 
1 0 0 6 1 0 -0 
1 4.5 0 3.5 0 0 1 
1 3.5 0 3.5 1 0 -0 
1 3.5 0 3.5 0 0 1 
1 3.5 0 4.5 1 0 -0 
1 13.5 0 1.5 0 0 1 
1 12.5 0 1.5 1 0 -0 
1 12.5 0 1.5 0 0 1 
1 12.5 0 2.5 1 0 -0 
1 0 17 6 1 0 -0 
1 17 0 6 -0 1 0 
1 0 17 0 1 0 -0 
1 17 17 0 0 0 1 
1 17 0 0 -0 1 0 
1 4.5 0 4.5 -0 1 0 
1 4.5 1 3.5 0 0 1 
1 4.5 0 3.5 -0 1 0 
1 3.5 0 3.5 -0 1 0 
1 3.5 1 3.5 1 0 -0 
1 3.5 0 4.5 -0 1 0 
1 3.5 1 3.5 0 0 1 
1 3.5 1 4.5 1 0 -0 
1 13.5 0 2.5 -0 1 0 
1 13.5 1 1.5 0 0 1 
1 13.5 0 1.5 -0 1 0 
1 12.5 0 1.5 -0 1 0 
1 12.5 1 1.5 1 0 -0 
1 12.5 0 2.5 -0 1 0 
1 12.5 1 1.5 0 0 1 
1 12.5 1 2.5 1 0 -0 
6 0 1 4.5 1 3.5  4.5 12.5 2.5  
1 4.5 12.5 2.5 0 0 1 
6 0 1 4.5 1 4.5  4.5 12.5 3.5  
6 0 1 3.5 1 3.5  3.5 12.5 2.5  
1 3.5 12.5 2.5 1 0 -0 
7 0 0  1 2 2  3.5 1 4.5  3.5 12.5 3.5 
 0 2 1 2
1 3.5 12.5 2.5 0 0 1 
1 3.5 12.5 3.5 1 0 -0 
1 13.5 14.5 3.5 0 0 1 
6 0 1 13.5 14.5 3.5  13.5 1 1.5  
6 0 1 13.5 14.5 4.5  13.5 1 2.5  
1 12.5 14.5 3.5 1 0 -0 
6 0 1 12.5 14.5 3.5  12.5 1 1.5  
1 12.5 14.5 3.5 0 0 1 
7 0 0  1 2 2  12.5 14.5 4.5  12.5 1 2.5 
 0 2 1 2
1 12.5 14.5 4.5 1 0 -0 
7 0 0  1 2 2  4.5 12.5 2.5  14.5 12.5 1.5 
 0 2 1 2
1 14.5 12.5 1.5 0 0 1 
7 0 0  1 2 2  4.5 12.5 3.5  14.5 12.5 2.5 
 0 2 1 2
1 3.5 12.5 2.5 -0 1 0 
1 3.5 13.5 2.5 1 0 -0 
1 4.5 12.5 2.5 -0 1 0 
1 3.5 12.5 3.5 -0 1 0 
1 3.5 13.5 2.5 0 0 1 
1 3.5 13.5 3.5 1 0 -0 
1 4.5 12.5 3.5 -0 1 0 
1 13.5 14.5 4.5 -0 1 0 
1 13.5 15.5 3.5 0 0 1 
1 13.5 14.5 3.5 -0 1 0 
1 12.5 14.5 3.5 -0 1 0 
1 12.5 15.5 3.5 1 0 -0 
1 2.5 14.5 2.5 0 0 1 
7 0 0  1 2 2  2.5 14.5 2.5  12.5 14.5 3.5 
 0 2 1 2
7 0 0  1 2 2  2.5 14.5 3.5  12.5 14.5 4.5 
 0 2 1 2
1 12.5 14.5 4.5 -0 1 0 
1 12.5 15.5 4.5 1 0 -0 
6 0 1 4.5 13.5 2.5  14.5 13.5 1.5  
1 14.5 12.5 1.5 -0 1 0 
7 0 0  1 2 2  14.5 12.5 2.5  14.5 2.5 4.5 
 0 2 1 2
1 14.5 2.5 3.5 0 0 1 
6 0 1 14.5 12.5 1.5  14.5 2.5 3.5  
1 14.5 12.5 2.5 -0 1 0 
7 0 0  1 2 2  4.5 13.5 3.5  14.5 13.5 2.5 
 0 2 1 2
1 4.5 13.5 2.5 0 0 1 
1 12.5 15.5 3.5 0 0 1 
1 2.5 14.5 2.5 -0 1 0 
6 0 1 2.5 15.5 2.5  12.5 15.5 3.5  
1 2.5 2.5 1.5 0 0 1 
6 0 1 2.5 2.5 1.5  2.5 14.5 2.5  
6 0 1 2.5 2.5 2.5  2.5 14.5 3.5  
1 2.5 14.5 3.5 -0 1 0 
7 0 0  1 2 2  2.5 15.5 3.5  12.5 15.5 4.5 
 0 2 1 2
1 14.5 13.5 1.5 0 0 1 
1 14.5 13.5 1.5 1 0 -0 
1 15.5 12.5 1.5 -0 1 0 
1 14.5 12.5 1.5 1 0 -0 
1 14.5 12.5 2.5 1 0 -0 
6 0 1 15.5 12.5 2.5  15.5 2.5 4.5  
1 14.5 2.5 4.5 1 0 -0 
7 0 0  1 2 2  14.5 2.5 4.5  2.5 2.5 2.5 
 0 2 1 2
6 0 1 14.5 2.5 3.5  2.5 2.5 1.5  
1 14.5 2.5 3.5 1 0 -0 
6 0 1 15.5 12.5 1.5  15.5 2.5 3.5  
1 14.5 13.5 2.5 1 0 -0 
1 15.5 12.5 2.5 -0 1 0 
1 2.5 15.5 2.5 0 0 1 
1 1.5 14.5 2.5 -0 1 0 
1 1.5 15.5 2.5 1 0 -0 
1 1.5 14.5 2.5 1 0 -0 
1 1.5 2.5 1.5 1 0 -0 
6 0 1 1.5 2.5 1.5  1.5 14.5 2.5  
1 1.5 2.5 2.5 1 0 -0 
1 1.5 14.5 3.5 1 0 -0 
7 0 0  1 2 2  1.5 2.5 2.5  1.5 14.5 3.5 
 0 2 1 2
1 1.5 14.5 3.5 -0 1 0 
1 1.5 15.5 3.5 1 0 -0 
1 15.5 13.5 1.5 0 0 1 
1 15.5 12.5 1.5 0 0 1 
1 15.5 2.5 3.5 0 0 1 
1 14.5 1.5 4.5 -0 1 0 
1 15.5 1.5 4.5 -0 1 0 
1 14.5 1.5 4.5 1 0 -0 
7 0 0  1 2 2  14.5 1.5 4.5  2.5 1.5 2.5 
 0 2 1 2
1 2.5 1.5 2.5 -0 1 0 
1 14.5 1.5 3.5 -0 1 0 
1 2.5 1.5 1.5 -0 1 0 
7 0 0  1 2 2  14.5 1.5 3.5  2.5 1.5 1.5 
 0 2 1 2
1 15.5 1.5 3.5 -0 1 0 
1 14.5 1.5 3.5 1 0 -0 
1 1.5 15.5 2.5 0 0 1 
1 1.5 14.5 2.5 0 0 1 
1 1.5 1.5 1.5 -0 1 0 
1 1.5 1.5 1.5 1 0 -0 
1 1.5 2.5 1.5 0 0 1 
1 1.5 1.5 2.5 -0 1 0 
1 1.5 1.5 2.5 1 0 -0 
1 15.5 1.5 3.5 0 0 1 
1 14.5 1.5 3.5 0 0 1 
1 2.5 1.5 1.5 0 0 1 
1 1.5 1.5 1.5 0 0 1 
Polygon3D 0
PolygonOnTriangulations 272
2 1 2 
p 0.00680000008 1 0 6 
2 1 3 
p 0.00680000008 1 0 6 
2 2 4 
p 0.00680000008 1 0 17 
2 1 2 
p 0.00680000008 1 0 17 
2 3 4 
p 0.00680000008 1 0 6 
2 1 3 
p 0.00680000008 1 0 6 
2 1 3 
p 0.00680000008 1 0 17 
2 1 2 
p 0.00680000008 1 0 17 
2 1 2 
p 0.00680000008 1 0 17 
2 1 3 
p 0.00680000008 1 0 17 
2 2 4 
p 0.00680000008 1 0 6 
2 1 2 
p 0.00680000008 1 0 6 
2 3 4 
p 0.00680000008 1 0 17 
2 1 3 
p 0.00680000008 1 0 17 
2 5 6 
p 0.00680000008 1 0 1 
2 1 2 
p 0.00680000008 1 0 1 
2 8 5 
p 0.00680000008 1 0 1 
2 1 3 
p 0.00680000008 1 0 1 
2 8 7 
p 0.00680000008 1 0 1 
2 1 2 
p 0.00680000008 1 0 1 
2 7 6 
p 0.00680000008 1 0 1 
2 1 3 
p 0.00680000008 1 0 1 
2 9 10 
p 0.00680000008 1 0 1 
2 1 2 
p 0.00680000008 1 0 1 
2 12 9 
p 0.00680000008 1 0 1 
2 1 3 
p 0.00680000008 1 0 1 
2 12 11 
p 0.00680000008 1 0 1 
2 1 2 
p 0.00680000008 1 0 1 
2 11 10 
p 0.00680000008 1 0 1 
2 1 3 
p 0.00680000008 1 0 1 
2 2 4 
p 0.00680000008 1 0 17 
2 3 4 
p 0.00680000008 1 0 17 
2 3 4 
p 0.00680000008 1 0 17 
2 2 4 
p 0.00680000008 1 0 17 
2 1 2 
p 0.00680000008 1 0 17 
2 2 4 
p 0.00680000008 1 0 17 
2 2 4 
p 0.00680000008 1 0 6 
2 3 4 
p 0.00680000008 1 0 6 
2 3 4 
p 0.00680000008 1 0 17 
2 1 3 
p 0.00680000008 1 0 17 
2 2 4 
p 0.00680000008 1 0 1 
2 3 4 
p 0.00680000008 1 0 1 
2 1 2 
p 0.00680000008 1 0 1 
2 3 4 
p 0.00680000008 1 0 1 
2 1 3 
p 0.00680000008 1 0 1 
2 3 4 
p 0.00680000008 1 0 1 
2 1 2 
p 0.00680000008 1 0 1 
2 1 3 
p 0.00680000008 1 0 1 
2 2 4 
p 0.00680000008 1 0 1 
2 1 2 
p 0.00680000008 1 0 1 
2 2 4 
p 0.00680000008 1 0 1 
2 1 2 
p 0.00680000008 1 0 1 
2 1 2 
p 0.00680000008 1 0 1 
2 3 4 
p 0.00680000008 1 0 1 
2 2 4 
p 0.00680000008 1 0 1 
2 1 2 
p 0.00680000008 1 0 1 
2 2 4 
p 0.00680000008 1 0 1 
2 3 4 
p 0.00680000008 1 0 1 
2 3 4 
p 0.00680000008 1 0 1 
2 3 4 
p 0.00680000008 1 0 1 
2 1 3 
p 0.00680000008 1 0 1 
2 3 4 
p 0.00680000008 1 0 1 
2 1 2 
p 0.00680000008 1 0 1 
2 1 3 
p 0.00680000008 1 0 1 
2 2 4 
p 0.00680000008 1 0 1 
2 3 4 
p 0.00680000008 1 0 1 
2 2 4 
p 0.00680000008 1 0 1 
2 1 2 
p 0.00680000008 1 0 1 
2 4 3 
p 0.00680000008 1 0 1 
2 3 4 
p 0.00680000008 1 0 1 
2 2 4 
p 0.00680000008 1 0 1 
2 4 3 
p 0.00680000008 1 0 1 
2 1 3 
p 0.00680000008 1 0 1 
2 2 4 
p 0.00680000008 1 0 1 
2 3 4 
p 0.00680000008 1 0 1 
2 1 2 
p 0.00680000008 1 0 1 
2 2 4 
p 0.00680000008 1 0 1 
2 2 3 
p 0.00680000008 1 0 1 
2 1 4 
p 0.00680000008 1 0 1 
2 1 3 
p 0.00680000008 1 0 1 
2 3 4 
p 0.00680000008 1 0 1 
2 1 3 
p 0.00680000008 1 0 1 
2 2 3 
p 0.00680000008 1 0 1 
2 1 4 
p 0.00680000008 1 0 1 
2 4 3 
p 0.00680000008 1 0 1 
2 1 2 
p 0.00680000008 1 0 1 
2 4 3 
p 0.00680000008 1 0 1 
2 1 3 
p 0.00680000008 1 0 1 
2 1 2 
p 0.00680000008 1 0 1 
2 1 2 
p 0.00680000008 1 0 1 
2 1 3 
p 0.00680000008 1 0 1 
2 2 4 
p 0.00680000008 1 0 1 
2 2 4 
p 0.00680000008 1 0 1 
2 2 3 
p 0.00680000008 1 0 1 
2 1 2 
p 0.00680000008 1 0 1 
2 1 3 
p 0.00680000008 1 0 1 
2 1 4 
p 0.00680000008 1 0 1 
2 1 3 
p 0.00680000008 1 0 1 
2 1 2 
p 0.00680000008 1 0 1 
2 3 4 
p 0.00680000008 1 0 1 
2 2 3 
p 0.00680000008 1 0 1 
2 1 4 
p 0.00680000008 1 0 1 
2 1 2 
p 0.00680000008 1 0 1 
2 1 3 
p 0.00680000008 1 0 1 
2 1 3 
p 0.00680000008 1 0 1 
2 1 4 
p 0.00680000008 1 0 1 
2 3 4 
p 0.00680000008 1 0 1 
2 1 2 
p 0.00680000008 1 0 1 
2 2 4 
p 0.00680000008 1 0 1 
2 1 3 
p 0.00680000008 1 0 1 
2 1 2 
p 0.00680000008 1 0 1 
2 1 3 
p 0.00680000008 1 0 1 
2 2 4 
p 0.00680000008 1 0 1 
2 1 2 
p 0.00680000008 1 0 1 
2 3 4 
p 0.00680000008 1 0 1 
2 1 2 
p 0.00680000008 1 0 1 
2 2 4 
p 0.00680000008 1 0 1 
2 1 2 
p 0.00680000008 1 0 1 
2 3 4 
p 0.00680000008 1 0 1 
2 1 3 
p 0.00680000008 1 0 1 
2 2 4 
p 0.00680000008 1 0 1 
2 3 4 
p 0.00680000008 1 0 1 
2 3 4 
p 0.00680000008 1 0 1 
2 1 2 
p 0.00680000008 1 0 1 
2 2 4 
p 0.00680000008 1 0 1 
2 3 4 
p 0.00680000008 1 0 1 
2 3 4 
p 0.00680000008 1 0 1 
2 2 4 
p 0.00680000008 1 0 1 
2 1 3 
p 0.00680000008 1 0 1 
2 3 4 
p 0.00680000008 1 0 1 
2 1 2 
p 0.00680000008 1 0 1 
2 4 3 
p 0.00680000008 1 0 1 
2 2 4 
p 0.00680000008 1 0 1 
2 1 2 
p 0.00680000008 1 0 1 
2 1 2 
p 0.00680000008 1 0 1 
2 3 4 
p 0.00680000008 1 0 1 
2 1 3 
p 0.00680000008 1 0 1 
2 1 4 
p 0.00680000008 1 0 1 
2 2 4 
p 0.00680000008 1 0 1 
2 1 3 
p 0.00680000008 1 0 1 
2 1 2 
p 0.00680000008 1 0 1 
2 3 4 
p 0.00680000008 1 0 1 
2 2 4 
p 0.00680000008 1 0 1 
2 3 4 
p 0.00680000008 1 0 1 
2 1 4 
p 0.00680000008 1 0 1 
2 2 3 
p 0.00680000008 1 0 1 
2 4 3 
p 0.00680000008 1 0 1 
2 1 2 
p 0.00680000008 1 0 1 
2 2 3 
p 0.00680000008 1 0 1 
2 1 4 
p 0.00680000008 1 0 1 
2 4 3 
p 0.00680000008 1 0 1 
2 1 2 
p 0.00680000008 1 0 1 
2 1 4 
p 0.00680000008 1 0 1 
2 1 3 
p 0.00680000008 1 0 1 
2 3 4 
p 0.00680000008 1 0 1 
2 1 2 
p 0.00680000008 1 0 1 
2 2 3 
p 0.00680000008 1 0 1 
2 2 4 
p 0.00680000008 1 0 1 
2 1 2 
p 0.00680000008 1 0 1 
2 2 4 
p 0.00680000008 1 0 1 
2 4 3 
p 0.00680000008 1 0 1 
2 1 3 
p 0.00680000008 1 0 1 
2 1 2 
p 0.00680000008 1 0 1 
2 3 4 
p 0.00680000008 1 0 1 
2 1 4 
p 0.00680000008 1 0 1 
2 2 3 
p 0.00680000008 1 0 1 
2 1 2 
p 0.00680000008 1 0 1 
2 4 3 
p 0.00680000008 1 0 1 
2 1 3 
p 0.00680000008 1 0 1 
2 2 4 
p 0.00680000008 1 0 1 
2 2 4 
p 0.00680000008 1 0 1 
2 2 3 
p 0.00680000008 1 0 1 
2 1 2 
p 0.00680000008 1 0 1 
2 3 4 
p 0.00680000008 1 0 1 
2 2 3 
p 0.00680000008 1 0 1 
2 2 4 
p 0.00680000008 1 0 1 
2 4 3 
p 0.00680000008 1 0 1 
2 1 3 
p 0.00680000008 1 0 1 
2 2 4 
p 0.00680000008 1 0 1 
2 1 2 
p 0.00680000008 1 0 1 
2 3 4 
p 0.00680000008 1 0 1 
2 1 3 
p 0.00680000008 1 0 1 
2 1 3 
p 0.00680000008 1 0 1 
2 1 2 
p 0.00680000008 1 0 1 
2 1 2 
p 0.00680000008 1 0 1 
2 1 3 
p 0.00680000008 1 0 1 
2 2 4 
p 0.00680000008 1 0 1 
2 2 3 
p 0.00680000008 1 0 1 
2 4 3 
p 0.00680000008 1 0 1 
2 2 4 
p 0.00680000008 1 0 1 
2 2 3 
p 0.00680000008 1 0 1 
2 2 4 
p 0.00680000008 1 0 1 
2 1 4 
p 0.00680000008 1 0 1 
2 2 3 
p 0.00680000008 1 0 1 
2 3 4 
p 0.00680000008 1 0 1 
2 2 4 
p 0.00680000008 1 0 1 
2 1 3 
p 0.00680000008 1 0 1 
2 2 4 
p 0.00680000008 1 0 1 
2 2 4 
p 0.00680000008 1 0 1 
2 3 4 
p 0.00680000008 1 0 1 
2 3 4 
p 0.00680000008 1 0 1 
2 2 4 
p 0.00680000008 1 0 1 
2 1 2 
p 0.00680000008 1 0 1 
2 2 4 
p 0.00680000008 1 0 1 
2 1 2 
p 0.00680000008 1 0 1 
2 1 3 
p 0.00680000008 1 0 1 
2 2 4 
p 0.00680000008 1 0 1 
2 1 2 
p 0.00680000008 1 0 1 
2 1 3 
p 0.00680000008 1 0 1 
2 3 4 
p 0.00680000008 1 0 1 
2 1 2 
p 0.00680000008 1 0 1 
2 2 4 
p 0.00680000008 1 0 1 
2 1 4 
p 0.00680000008 1 0 1 
2 1 3 
p 0.00680000008 1 0 1 
2 1 2 
p 0.00680000008 1 0 1 
2 2 4 
p 0.00680000008 1 0 1 
2 4 3 
p 0.00680000008 1 0 1 
2 1 3 
p 0.00680000008 1 0 1 
2 2 3 
p 0.00680000008 1 0 1 
2 1 4 
p 0.00680000008 1 0 1 
2 1 2 
p 0.00680000008 1 0 1 
2 2 4 
p 0.00680000008 1 0 1 
2 2 4 
p 0.00680000008 1 0 1 
2 3 4 
p 0.00680000008 1 0 1 
2 2 4 
p 0.00680000008 1 0 1 
2 3 4 
p 0.00680000008 1 0 1 
2 1 2 
p 0.00680000008 1 0 1 
2 1 2 
p 0.00680000008 1 0 1 
2 3 4 
p 0.00680000008 1 0 1 
2 3 4 
p 0.00680000008 1 0 1 
2 1 2 
p 0.00680000008 1 0 1 
2 1 2 
p 0.00680000008 1 0 1 
2 3 4 
p 0.00680000008 1 0 1 
2 2 4 
p 0.00680000008 1 0 1 
2 1 3 
p 0.00680000008 1 0 1 
2 3 4 
p 0.00680000008 1 0 1 
2 2 4 
p 0.00680000008 1 0 1 
2 1 3 
p 0.00680000008 1 0 1 
2 3 4 
p 0.00680000008 1 0 1 
2 3 4 
p 0.00680000008 1 0 1 
2 1 2 
p 0.00680000008 1 0 1 
2 1 2 
p 0.00680000008 1 0 1 
2 4 3 
p 0.00680000008 1 0 1 
2 3 4 
p 0.00680000008 1 0 1 
2 1 3 
p 0.00680000008 1 0 1 
2 1 4 
p 0.00680000008 1 0 1 
2 3 4 
p 0.00680000008 1 0 1 
2 1 3 
p 0.00680000008 1 0 1 
2 1 3 
p 0.00680000008 1 0 1 
2 1 2 
p 0.00680000008 1 0 1 
2 1 3 
p 0.00680000008 1 0 1 
2 3 4 
p 0.00680000008 1 0 1 
2 4 3 
p 0.00680000008 1 0 1 
2 1 2 
p 0.00680000008 1 0 1 
2 1 2 
p 0.00680000008 1 0 1 
2 1 3 
p 0.00680000008 1 0 1 
2 1 3 
p 0.00680000008 1 0 1 
2 1 2 
p 0.00680000008 1 0 1 
2 1 2 
p 0.00680000008 1 0 1 
2 3 4 
p 0.00680000008 1 0 1 
2 1 2 
p 0.00680000008 1 0 1 
2 2 4 
p 0.00680000008 1 0 1 
2 1 3 
p 0.00680000008 1 0 1 
2 3 4 
p 0.00680000008 1 0 1 
2 1 2 
p 0.00680000008 1 0 1 
2 2 4 
p 0.00680000008 1 0 1 
2 1 2 
p 0.00680000008 1 0 1 
2 1 3 
p 0.00680000008 1 0 1 
2 3 4 
p 0.00680000008 1 0 1 
2 2 4 
p 0.00680000008 1 0 1 
2 1 2 
p 0.00680000008 1 0 1 
2 1 3 
p 0.00680000008 1 0 1 
Surfaces 102
1 0 0 0 1 0 -0 0 0 1 0 -1 0 
1 0 0 0 -0 1 0 0 0 1 1 0 -0 
1 0 0 6 0 0 1 1 0 -0 -0 1 0 
1 0 17 0 -0 1 0 0 0 1 1 0 -0 
1 0 0 0 0 0 1 1 0 -0 -0 1 0 
1 17 0 0 1 0 -0 0 0 1 0 -1 0 
1 4.5 0 3.5 1 0 -0 0 0 1 0 -1 0 
1 3.5 0 3.5 -0 1 0 0 0 1 1 0 -0 
1 3.5 0 3.5 0 0 1 1 0 -0 -0 1 0 
1 3.5 0 3.5 1 0 -0 0 0 1 0 -1 0 
1 3.5 0 4.5 0 0 1 1 0 -0 -0 1 0 
1 13.5 0 1.5 1 0 -0 0 0 1 0 -1 0 
1 12.5 0 1.5 -0 1 0 0 0 1 1 0 -0 
1 12.5 0 1.5 0 0 1 1 0 -0 -0 1 0 
1 12.5 0 1.5 1 0 -0 0 0 1 0 -1 0 
1 12.5 0 2.5 0 0 1 1 0 -0 -0 1 0 
9 0 0 0 0 1 1 2 2 2 2 4.5 1 4.5  4.5 12.5 3.5  
4.5 1 3.5  4.5 12.5 2.5  

-1 2
0 2

0 2
1 2

1 3.5 1 3.5 0 1 0 0.70710678118654757 -0 0.70710678118654757 0.70710678118654757 0 -0.70710678118654757 
1 3.5 12.5 2.5 0 -0.086629616364841996 -0.99624058819568295 -1 -0 0 -0 0.99624058819568295 -0.086629616364841996 
9 0 0 0 0 1 1 2 2 2 2 3.5 1 3.5  3.5 12.5 2.5  
3.5 1 4.5  3.5 12.5 3.5  

0 2
1 2

0 2
1 2

1 3.5 12.5 3.5 0 0.086629616364841996 0.99624058819568295 1 0 -0 -0 0.99624058819568295 -0.086629616364841996 
9 0 0 0 0 1 1 2 2 2 2 13.5 14.5 4.5  13.5 1 2.5  
13.5 14.5 3.5  13.5 1 1.5  

-1 2
0 2

0 2
1 2

1 12.5 1 1.5 0 1 0 0.70710678118654757 -0 0.70710678118654757 0.70710678118654757 0 -0.70710678118654757 
1 12.5 1 1.5 0 -0.14654866108946235 0.98920346235387091 -1 0 0 -0 -0.98920346235387091 -0.14654866108946235 
9 0 0 0 0 1 1 2 2 2 2 12.5 14.5 3.5  12.5 1 1.5  
12.5 14.5 4.5  12.5 1 2.5  

0 2
1 2

0 2
1 2

1 12.5 1 2.5 -0 0.14654866108946235 -0.98920346235387091 1 0 -0 0 -0.98920346235387091 -0.14654866108946235 
1 3.5 12.5 2.5 0 1 0 0.70710678118654757 -0 0.70710678118654757 0.70710678118654757 0 -0.70710678118654757 
9 0 0 0 0 1 1 2 2 2 2 4.5 12.5 3.5  14.5 12.5 2.5  
4.5 12.5 2.5  14.5 12.5 1.5  

-1 2
0 2

0 2
1 2

1 13.5 14.5 3.5 1 0 -0 0 0 1 0 -1 0 
1 12.5 14.5 3.5 -0 1 0 0 0 1 1 0 -0 
1 12.5 14.5 3.5 0 0 1 1 0 -0 -0 1 0 
1 12.5 14.5 3.5 1 0 -0 0 0 1 0 -1 0 
9 0 0 0 0 1 1 2 2 2 2 2.5 14.5 3.5  12.5 14.5 4.5  
2.5 14.5 2.5  12.5 14.5 3.5  

-1 2
0 2

0 2
1 2

1 12.5 14.5 4.5 0 0 1 1 0 -0 -0 1 0 
1 14.5 12.5 1.5 -0.099503719020998915 0 -0.99503719020998915 0 1 0 0.99503719020998915 0 -0.099503719020998915 
1 14.5 12.5 1.5 1 0 0 -0 0.70710678118654757 0.70710678118654757 0 -0.70710678118654757 0.70710678118654757 
9 0 0 0 0 1 1 2 2 2 2 14.5 12.5 1.5  14.5 2.5 3.5  
14.5 12.5 2.5  14.5 2.5 4.5  

0 2
1 2

0 2
1 2

1 14.5 12.5 2.5 0.099503719020998915 0 0.99503719020998915 0 -1 0 0.99503719020998915 0 -0.099503719020998915 
1 3.5 12.5 2.5 0 0 1 1 0 -0 -0 1 0 
1 3.5 12.5 2.5 1 0 -0 0 0 1 0 -1 0 
1 3.5 13.5 2.5 -0 1 0 0 0 1 1 0 -0 
1 4.5 12.5 2.5 1 0 -0 0 0 1 0 -1 0 
1 3.5 12.5 2.5 0 0 1 1 0 -0 -0 1 0 
1 4.5 12.5 2.5 1 0 0 -0 0.70710678118654757 0.70710678118654757 0 -0.70710678118654757 0.70710678118654757 
1 3.5 12.5 3.5 0 0 1 1 0 -0 -0 1 0 
1 3.5 12.5 3.5 0 0 1 1 0 -0 -0 1 0 
1 12.5 15.5 3.5 -0 1 0 0 0 1 1 0 -0 
9 0 0 0 0 1 1 2 2 2 2 2.5 2.5 2.5  2.5 14.5 3.5  
2.5 2.5 1.5  2.5 14.5 2.5  

-1 2
0 2

0 2
1 2

1 1.5 14.5 2.5 0 1 0 0.70710678118654757 -0 0.70710678118654757 0.70710678118654757 0 -0.70710678118654757 
1 12.5 14.5 3.5 0.099503719020998915 0 -0.99503719020998915 0 1 0 0.99503719020998915 -0 0.099503719020998915 
1 12.5 14.5 4.5 -0.099503719020998915 -0 0.99503719020998915 0 -1 -0 0.99503719020998915 0 0.099503719020998915 
9 0 0 0 0 1 1 2 2 2 2 4.5 13.5 2.5  14.5 13.5 1.5  
4.5 13.5 3.5  14.5 13.5 2.5  

0 2
1 2

0 2
1 2

1 14.5 2.5 4.5 0 -0.19611613513818404 -0.98058067569092022 1 0 0 0 -0.98058067569092022 0.19611613513818404 
1 14.5 2.5 3.5 0 1 0 0.70710678118654757 -0 0.70710678118654757 0.70710678118654757 0 -0.70710678118654757 
9 0 0 0 0 1 1 2 2 2 2 14.5 2.5 3.5  2.5 2.5 1.5  
14.5 2.5 4.5  2.5 2.5 2.5  

0 2
1 2

0 2
1 2

1 14.5 2.5 3.5 0 0.19611613513818404 0.98058067569092022 -1 0 0 0 -0.98058067569092022 0.19611613513818404 
1 3.5 13.5 2.5 -0 1 0 0 0 1 1 0 -0 
9 0 0 0 0 1 1 2 2 2 2 2.5 15.5 2.5  12.5 15.5 3.5  
2.5 15.5 3.5  12.5 15.5 4.5  

0 2
1 2

0 2
1 2

1 2.5 14.5 2.5 1 0 -0 0 0 1 0 -1 0 
1 1.5 14.5 2.5 0 0 1 1 0 -0 -0 1 0 
1 2.5 14.5 2.5 1 0 0 -0 0.70710678118654757 0.70710678118654757 0 -0.70710678118654757 0.70710678118654757 
1 2.5 1.5 1.5 1 0 0 -0 0.70710678118654757 0.70710678118654757 0 -0.70710678118654757 0.70710678118654757 
1 1.5 14.5 2.5 -0 0.083045479853739987 -0.99654575824487968 -1 -0 0 0 0.99654575824487968 0.083045479853739987 
1 1.5 14.5 3.5 0 -0.083045479853739987 0.99654575824487968 1 0 0 -0 0.99654575824487968 0.083045479853739987 
1 1.5 14.5 3.5 0 0 1 1 0 -0 -0 1 0 
1 14.5 12.5 1.5 0 0 1 1 0 -0 -0 1 0 
1 14.5 13.5 1.5 -0 1 0 0 0 1 1 0 -0 
1 15.5 12.5 1.5 1 0 -0 0 0 1 0 -1 0 
1 14.5 12.5 1.5 -0 1 0 0 0 1 1 0 -0 
1 14.5 12.5 1.5 0 0 1 1 0 -0 -0 1 0 
1 14.5 12.5 1.5 0 1 0 0.70710678118654757 -0 0.70710678118654757 0.70710678118654757 0 -0.70710678118654757 
1 14.5 12.5 2.5 0 0 1 1 0 -0 -0 1 0 
9 0 0 0 0 1 1 2 2 2 2 15.5 12.5 2.5  15.5 2.5 4.5  
15.5 12.5 1.5  15.5 2.5 3.5  

-1 2
0 2

0 2
1 2

1 2.5 1.5 2.5 0.16439898730535729 0 -0.98639392383214375 0 -1 0 -0.98639392383214375 -0 -0.16439898730535729 
1 2.5 1.5 1.5 -0.16439898730535729 -0 0.98639392383214375 -0 1 0 -0.98639392383214375 0 -0.16439898730535729 
1 14.5 12.5 2.5 0 0 1 1 0 -0 -0 1 0 
1 1.5 15.5 2.5 -0 1 0 0 0 1 1 0 -0 
1 1.5 14.5 2.5 0 0 1 1 0 -0 -0 1 0 
1 1.5 14.5 2.5 1 0 -0 0 0 1 0 -1 0 
1 1.5 15.5 2.5 -0 1 0 0 0 1 1 0 -0 
1 1.5 2.5 1.5 -0 1 0 0 0 1 1 0 -0 
1 1.5 1.5 1.5 0 0 1 1 0 -0 -0 1 0 
1 1.5 2.5 1.5 0 1 0 0.70710678118654757 -0 0.70710678118654757 0.70710678118654757 0 -0.70710678118654757 
9 0 0 0 0 1 1 2 2 2 2 1.5 2.5 1.5  1.5 14.5 2.5  
1.5 2.5 2.5  1.5 14.5 3.5  

0 2
1 2

0 2
1 2

1 1.5 1.5 2.5 0 0 1 1 0 -0 -0 1 0 
1 1.5 14.5 3.5 0 0 1 1 0 -0 -0 1 0 
1 15.5 12.5 1.5 1 0 -0 0 0 1 0 -1 0 
1 14.5 1.5 4.5 0 0 1 1 0 -0 -0 1 0 
1 14.5 1.5 3.5 1 0 -0 0 0 1 0 -1 0 
1 14.5 1.5 4.5 0 0 1 1 0 -0 -0 1 0 
1 14.5 1.5 3.5 1 0 0 -0 0.70710678118654757 0.70710678118654757 0 -0.70710678118654757 0.70710678118654757 
1 15.5 1.5 3.5 1 0 -0 0 0 1 0 -1 0 
1 14.5 1.5 3.5 -0 1 0 0 0 1 1 0 -0 
9 0 0 0 0 1 1 2 2 2 2 14.5 1.5 4.5  2.5 1.5 2.5  
14.5 1.5 3.5  2.5 1.5 1.5  

-1 2
0 2

0 2
1 2

1 14.5 1.5 3.5 0 0 1 1 0 -0 -0 1 0 
1 14.5 1.5 3.5 0 0 1 1 0 -0 -0 1 0 
1 1.5 1.5 1.5 0 0 1 1 0 -0 -0 1 0 
1 1.5 1.5 1.5 1 0 -0 0 0 1 0 -1 0 
1 1.5 1.5 1.5 -0 1 0 0 0 1 1 0 -0 
1 1.5 1.5 1.5 1 0 -0 0 0 1 0 -1 0 
1 1.5 1.5 2.5 0 0 1 1 0 -0 -0 1 0 
1 14.5 1.5 3.5 -0 1 0 0 0 1 1 0 -0 
Triangulations 66
4 2 1 0.00680000008
0 0 0 0 0 6 0 17 0 0 17 6 0 0 6 0 0 -17 6 -17 2 1 3 2 3 4 
12 14 1 0.00680000008
0 0 0 17 0 0 0 0 6 17 0 6 4.5 0 3.5 4.5 0 4.5 3.5 0 4.5 3.5 0 3.5 13.5 0 1.5 13.5 0 2.5 12.5 0 2.5 12.5 0 1.5 0 0 0 17 6 0 6 17 3.5 4.5 4.5 4.5 4.5 3.5 3.5 3.5 1.5 13.5 2.5 13.5 2.5 12.5 1.5 12.5 8 1 3 5 1 8 7 8 3 6 7 3 12 1 5 11 5 6 11 12 5 2 9 10 2 12 9 4 10 11 4 2 10 4 11 6 2 1 12 3 4 6 
4 2 1 0.00680000008
0 0 6 0 17 6 17 0 6 17 17 6 0 0 0 17 17 0 17 17 3 2 1 4 2 3 
4 2 1 0.00680000008
0 17 0 17 17 0 0 17 6 17 17 6 0 0 0 17 6 0 6 17 4 2 1 4 1 3 
4 2 1 0.00680000008
0 0 0 0 17 0 17 0 0 17 17 0 0 0 0 17 17 0 17 17 3 2 1 4 2 3 
4 2 1 0.00680000008
17 0 0 17 0 6 17 17 0 17 17 6 0 0 6 0 0 -17 6 -17 2 1 3 2 3 4 
4 2 1 0.00680000008
4.5 0 3.5 4.5 0 4.5 4.5 1 3.5 4.5 1 4.5 0 0 1 0 0 -1 1 -1 2 1 3 2 3 4 
4 2 1 0.00680000008
3.5 0 3.5 3.5 1 3.5 4.5 0 3.5 4.5 1 3.5 0 0 0 1 1 0 1 1 4 2 1 4 1 3 
4 2 1 0.00680000008
3.5 0 3.5 3.5 0 4.5 3.5 1 3.5 3.5 1 4.5 0 0 1 0 0 -1 1 -1 2 1 3 2 3 4 
4 2 1 0.00680000008
3.5 0 4.5 3.5 1 4.5 4.5 0 4.5 4.5 1 4.5 0 0 0 1 1 0 1 1 4 2 1 4 1 3 
4 2 1 0.00680000008
13.5 0 1.5 13.5 0 2.5 13.5 1 1.5 13.5 1 2.5 0 0 1 0 0 -1 1 -1 2 1 3 2 3 4 
4 2 1 0.00680000008
12.5 0 1.5 12.5 1 1.5 13.5 0 1.5 13.5 1 1.5 0 0 0 1 1 0 1 1 4 2 1 4 1 3 
4 2 1 0.00680000008
12.5 0 1.5 12.5 0 2.5 12.5 1 1.5 12.5 1 2.5 0 0 1 0 0 -1 1 -1 2 1 3 2 3 4 
4 2 1 0.00680000008
12.5 0 2.5 12.5 1 2.5 13.5 0 2.5 13.5 1 2.5 0 0 0 1 1 0 1 1 4 2 1 4 1 3 
4 2 1 0
4.5 1 3.5 4.5 1 4.5 4.5 12.5 2.5 4.5 12.5 3.5 0 0 -1 0 0 1 -1 1 3 2 1 3 4 2 
4 2 1 0.00680000008
3.5 1 3.5 4.5 1 3.5 3.5 12.5 2.5 4.5 12.5 2.5 0 -11.5433963806152 -1 -11.5433963806152 0 0 -1 0 3 2 1 3 4 2 
4 2 1 0
3.5 1 3.5 3.5 1 4.5 3.5 12.5 3.5 3.5 12.5 2.5 0 0 1 0 1 1 0 1 3 1 2 3 4 1 
4 2 1 0.00680000008
3.5 1 4.5 4.5 1 4.5 4.5 12.5 3.5 3.5 12.5 3.5 0 -11.5433963806152 1 -11.5433963806152 1 0 0 0 3 1 2 3 4 1 
4 2 1 5.55111512312578e-17
13.5 14.5 3.5 13.5 14.5 4.5 13.5 1 1.5 13.5 1 2.5 0 0 -1 0 0 1 -1 1 4 2 1 3 4 1 
4 2 1 0.00680000008
12.5 14.5 3.5 13.5 14.5 3.5 12.5 1 1.5 13.5 1 1.5 0 -13.6473440639562 -1 -13.6473440639562 0 0 -1 0 3 2 1 3 4 2 
4 2 1 5.55111512312578e-17
12.5 14.5 3.5 12.5 14.5 4.5 12.5 1 2.5 12.5 1 1.5 0 0 1 0 1 1 0 1 3 1 2 3 4 1 
4 2 1 0.00680000008
12.5 14.5 4.5 13.5 14.5 4.5 13.5 1 2.5 12.5 1 2.5 0 -13.6473440639562 1 -13.6473440639562 1 0 0 0 3 1 2 3 4 1 
4 2 1 0
4.5 12.5 2.5 4.5 12.5 3.5 14.5 12.5 1.5 14.5 12.5 2.5 0 0 -1 0 0 1 -1 1 3 2 1 3 4 2 
4 2 1 0.00680000008
3.5 12.5 2.5 3.5 13.5 2.5 4.5 12.5 2.5 4.5 13.5 2.5 0 0 0 1 1 0 1 1 4 2 1 4 1 3 
4 2 1 0.00680000008
3.5 12.5 2.5 3.5 12.5 3.5 3.5 13.5 2.5 3.5 13.5 3.5 0 0 1 0 0 -1 1 -1 2 1 3 2 3 4 
4 2 1 0.00680000008
3.5 12.5 3.5 3.5 13.5 3.5 4.5 12.5 3.5 4.5 13.5 3.5 0 0 0 1 1 0 1 1 4 2 1 4 1 3 
4 2 1 0.00680000008
13.5 14.5 3.5 13.5 14.5 4.5 13.5 15.5 3.5 13.5 15.5 4.5 0 0 1 0 0 -1 1 -1 2 1 3 2 3 4 
4 2 1 0.00680000008
12.5 14.5 3.5 12.5 15.5 3.5 13.5 14.5 3.5 13.5 15.5 3.5 0 0 0 1 1 0 1 1 4 2 1 4 1 3 
4 2 1 0
2.5 14.5 2.5 2.5 14.5 3.5 12.5 14.5 3.5 12.5 14.5 4.5 0 0 -1 0 0 1 -1 1 4 2 1 3 4 1 
4 2 1 0.00680000008
12.5 14.5 4.5 12.5 15.5 4.5 13.5 14.5 4.5 13.5 15.5 4.5 0 0 0 1 1 0 1 1 4 2 1 4 1 3 
4 2 1 0.00680000008
4.5 12.5 2.5 4.5 13.5 2.5 14.5 13.5 1.5 14.5 12.5 1.5 0 -10.0498756211209 1 -10.0498756211209 1 0 0 0 3 1 2 3 4 1 
4 2 1 0
14.5 12.5 1.5 14.5 12.5 2.5 14.5 2.5 4.5 14.5 2.5 3.5 0 0 1 0 1 1 0 1 3 1 2 3 4 1 
4 2 1 0.00680000008
4.5 12.5 3.5 4.5 13.5 3.5 14.5 12.5 2.5 14.5 13.5 2.5 0 -10.0498756211209 -1 -10.0498756211209 0 0 -1 0 3 2 1 3 4 2 
4 2 1 0.00680000008
3.5 13.5 2.5 4.5 13.5 2.5 3.5 13.5 3.5 4.5 13.5 3.5 0 0 0 1 1 0 1 1 4 2 1 4 1 3 
4 2 1 0.00680000008
12.5 15.5 3.5 13.5 15.5 3.5 12.5 15.5 4.5 13.5 15.5 4.5 0 0 0 1 1 0 1 1 4 2 1 4 1 3 
4 2 1 0.00680000008
2.5 14.5 2.5 2.5 15.5 2.5 12.5 15.5 3.5 12.5 14.5 3.5 0 -10.0498756211209 1 -10.0498756211209 1 0 0 0 3 1 2 3 4 1 
4 2 1 0
2.5 2.5 1.5 2.5 2.5 2.5 2.5 14.5 2.5 2.5 14.5 3.5 0 0 -1 0 0 1 -1 1 3 2 1 3 4 2 
4 2 1 0.00680000008
2.5 14.5 3.5 2.5 15.5 3.5 12.5 14.5 4.5 12.5 15.5 4.5 0 -10.0498756211209 -1 -10.0498756211209 0 0 -1 0 3 2 1 3 4 2 
4 2 1 0
4.5 13.5 2.5 4.5 13.5 3.5 14.5 13.5 2.5 14.5 13.5 1.5 0 0 1 0 1 1 0 1 3 1 2 3 4 1 
4 2 1 0.00680000008
14.5 12.5 1.5 14.5 13.5 1.5 15.5 12.5 1.5 15.5 13.5 1.5 0 0 0 1 1 0 1 1 4 2 1 4 1 3 
4 2 1 0.00680000008
14.5 12.5 2.5 15.5 12.5 2.5 15.5 2.5 4.5 14.5 2.5 4.5 0 -10.1980390271856 1 -10.1980390271856 1 0 0 0 3 1 2 3 4 1 
4 2 1 5.55111512312578e-17
14.5 2.5 3.5 14.5 2.5 4.5 2.5 2.5 2.5 2.5 2.5 1.5 0 0 1 0 1 1 0 1 3 1 2 3 4 1 
4 2 1 0.00680000008
14.5 12.5 1.5 15.5 12.5 1.5 14.5 2.5 3.5 15.5 2.5 3.5 0 -10.1980390271856 -1 -10.1980390271856 0 0 -1 0 3 2 1 3 4 2 
4 2 1 0.00680000008
14.5 12.5 2.5 14.5 13.5 2.5 15.5 12.5 2.5 15.5 13.5 2.5 0 0 0 1 1 0 1 1 4 2 1 4 1 3 
4 2 1 0
2.5 15.5 2.5 2.5 15.5 3.5 12.5 15.5 4.5 12.5 15.5 3.5 0 0 1 0 1 1 0 1 3 1 2 3 4 1 
4 2 1 0.00680000008
1.5 14.5 2.5 1.5 15.5 2.5 2.5 14.5 2.5 2.5 15.5 2.5 0 0 0 1 1 0 1 1 4 2 1 4 1 3 
4 2 1 0.00680000008
1.5 2.5 1.5 2.5 2.5 1.5 1.5 14.5 2.5 2.5 14.5 2.5 0 -12.0415945787923 -1 -12.0415945787923 0 0 -1 0 3 2 1 3 4 2 
4 2 1 0.00680000008
1.5 2.5 2.5 2.5 2.5 2.5 2.5 14.5 3.5 1.5 14.5 3.5 0 -12.0415945787923 1 -12.0415945787923 1 0 0 0 3 1 2 3 4 1 
4 2 1 0.00680000008
1.5 14.5 3.5 1.5 15.5 3.5 2.5 14.5 3.5 2.5 15.5 3.5 0 0 0 1 1 0 1 1 4 2 1 4 1 3 
4 2 1 0.00680000008
14.5 13.5 1.5 15.5 13.5 1.5 14.5 13.5 2.5 15.5 13.5 2.5 0 0 0 1 1 0 1 1 4 2 1 4 1 3 
4 2 1 0.00680000008
15.5 12.5 1.5 15.5 12.5 2.5 15.5 13.5 1.5 15.5 13.5 2.5 0 0 1 0 0 -1 1 -1 2 1 3 2 3 4 
4 2 1 0
15.5 12.5 1.5 15.5 12.5 2.5 15.5 2.5 3.5 15.5 2.5 4.5 0 0 -1 0 0 1 -1 1 3 2 1 3 4 2 
4 2 1 0.00680000008
14.5 1.5 4.5 14.5 2.5 4.5 15.5 1.5 4.5 15.5 2.5 4.5 0 0 0 1 1 0 1 1 4 2 1 4 1 3 
4 2 1 0.00680000008
14.5 1.5 4.5 14.5 2.5 4.5 2.5 1.5 2.5 2.5 2.5 2.5 0 -12.1655250605964 -1 -12.1655250605964 0 0 -1 0 3 2 1 3 4 2 
4 2 1 0.00680000008
14.5 1.5 3.5 14.5 2.5 3.5 2.5 2.5 1.5 2.5 1.5 1.5 0 -12.1655250605964 1 -12.1655250605964 1 0 0 0 3 1 2 3 4 1 
4 2 1 0.00680000008
14.5 1.5 3.5 14.5 2.5 3.5 15.5 1.5 3.5 15.5 2.5 3.5 0 0 0 1 1 0 1 1 4 2 1 4 1 3 
4 2 1 0.00680000008
1.5 15.5 2.5 2.5 15.5 2.5 1.5 15.5 3.5 2.5 15.5 3.5 0 0 0 1 1 0 1 1 4 2 1 4 1 3 
4 2 1 0.00680000008
1.5 14.5 2.5 1.5 14.5 3.5 1.5 15.5 2.5 1.5 15.5 3.5 0 0 1 0 0 -1 1 -1 2 1 3 2 3 4 
4 2 1 0.00680000008
1.5 1.5 1.5 1.5 2.5 1.5 2.5 1.5 1.5 2.5 2.5 1.5 0 0 0 1 1 0 1 1 4 2 1 4 1 3 
4 2 1 0
1.5 2.5 1.5 1.5 2.5 2.5 1.5 14.5 3.5 1.5 14.5 2.5 0 0 1 0 1 1 0 1 3 1 2 3 4 1 
4 2 1 0.00680000008
1.5 1.5 2.5 1.5 2.5 2.5 2.5 1.5 2.5 2.5 2.5 2.5 0 0 0 1 1 0 1 1 4 2 1 4 1 3 
4 2 1 0.00680000008
15.5 1.5 3.5 15.5 1.5 4.5 15.5 2.5 3.5 15.5 2.5 4.5 0 0 1 0 0 -1 1 -1 2 1 3 2 3 4 
4 2 1 0.00680000008
14.5 1.5 3.5 15.5 1.5 3.5 14.5 1.5 4.5 15.5 1.5 4.5 0 0 0 1 1 0 1 1 4 2 1 4 1 3 
4 2 1 0
14.5 1.5 3.5 14.5 1.5 4.5 2.5 1.5 1.5 2.5 1.5 2.5 0 0 -1 0 0 1 -1 1 3 2 1 3 4 2 
4 2 1 0.00680000008
1.5 1.5 1.5 1.5 1.5 2.5 1.5 2.5 1.5 1.5 2.5 2.5 0 0 1 0 0 -1 1 -1 2 1 3 2 3 4 
4 2 1 0.00680000008
1.5 1.5 1.5 2.5 1.5 1.5 1.5 1.5 2.5 2.5 1.5 2.5 0 0 0 1 1 0 1 1 4 2 1 4 1 3 

TShapes 344
Ve
1e-07
0 0 6
0 0

0101101
*
Ve
1e-07
0 0 0
0 0

0101101
*
Ed
 1e-07 1 1 0
1  1 0 0 6
2  1 1 0 0 6
2  2 2 0 0 6
6  1 1 0
6  2 2 0
0

0101000
-344 0 +343 0 *
Ve
1e-07
0 17 6
0 0

0101101
*
Ed
 1e-07 1 1 0
1  2 0 0 17
2  3 1 0 0 17
2  4 3 0 0 17
6  3 1 0
6  4 3 0
0

0101000
-341 0 +344 0 *
Ve
1e-07
0 17 0
0 0

0101101
*
Ed
 1e-07 1 1 0
1  3 0 0 6
2  5 1 0 0 6
2  6 4 0 0 6
6  5 1 0
6  6 4 0
0

0101000
-341 0 +339 0 *
Ed
 1e-07 1 1 0
1  4 0 0 17
2  7 1 0 0 17
2  8 5 0 0 17
6  7 1 0
6  8 5 0
0

0101000
-339 0 +343 0 *
Wi

0101100
-342 0 -340 0 +338 0 +337 0 *
Fa
0  1e-07 1 0
2  1
0101000
+336 0 *
Ve
1e-07
17 0 0
0 0

0101101
*
Ed
 1e-07 1 1 0
1  5 0 0 17
2  9 2 0 0 17
2  10 5 0 0 17
6  9 2 0
6  10 5 0
0

0101000
-334 0 +343 0 *
Ve
1e-07
17 0 6
0 0

0101101
*
Ed
 1e-07 1 1 0
1  6 0 0 6
2  11 6 0 0 6
2  12 2 0 0 6
6  11 2 0
6  12 6 0
0

0101000
-332 0 +334 0 *
Ed
 1e-07 1 1 0
1  7 0 0 17
2  13 2 0 0 17
2  14 3 0 0 17
6  13 2 0
6  14 3 0
0

0101000
-332 0 +344 0 *
Wi

0101100
-333 0 -331 0 +342 0 +330 0 *
Ve
1e-07
4.5 0 4.5
0 0

0101101
*
Ve
1e-07
4.5 0 3.5
0 0

0101101
*
Ed
 1e-07 1 1 0
1  8 0 0 1
2  15 7 0 0 1
2  16 8 0 0 1
2  17 2 0 0 1
6  15 2 0
6  16 7 0
0

0101000
-328 0 +327 0 *
Ve
1e-07
3.5 0 3.5
0 0

0101101
*
Ed
 1e-07 1 1 0
1  9 0 0 1
2  18 8 0 0 1
2  19 9 0 0 1
2  20 2 0 0 1
6  17 2 0
6  18 8 0
0

0101000
-327 0 +325 0 *
Ve
1e-07
3.5 0 4.5
0 0

0101101
*
Ed
 1e-07 1 1 0
1  10 0 0 1
2  21 10 0 0 1
2  22 8 0 0 1
2  23 2 0 0 1
6  19 2 0
6  20 9 0
0

0101000
-323 0 +325 0 *
Ed
 1e-07 1 1 0
1  11 0 0 1
2  24 8 0 0 1
2  25 11 0 0 1
2  26 2 0 0 1
6  21 2 0
6  22 10 0
0

0101000
-328 0 +323 0 *
Wi

0101100
+326 0 +324 0 -322 0 -321 0 *
Ve
1e-07
13.5 0 2.5
0 0

0101101
*
Ve
1e-07
13.5 0 1.5
0 0

0101101
*
Ed
 1e-07 1 1 0
1  12 0 0 1
2  27 12 0 0 1
2  28 13 0 0 1
2  29 2 0 0 1
6  23 2 0
6  24 11 0
0

0101000
-319 0 +318 0 *
Ve
1e-07
12.5 0 1.5
0 0

0101101
*
Ed
 1e-07 1 1 0
1  13 0 0 1
2  30 13 0 0 1
2  31 14 0 0 1
2  32 2 0 0 1
6  25 2 0
6  26 12 0
0

0101000
-318 0 +316 0 *
Ve
1e-07
12.5 0 2.5
0 0

0101101
*
Ed
 1e-07 1 1 0
1  14 0 0 1
2  33 15 0 0 1
2  34 13 0 0 1
2  35 2 0 0 1
6  27 2 0
6  28 13 0
0

0101000
-314 0 +316 0 *
Ed
 1e-07 1 1 0
1  15 0 0 1
2  36 13 0 0 1
2  37 16 0 0 1
2  38 2 0 0 1
6  29 2 0
6  30 14 0
0

0101000
-319 0 +314 0 *
Wi

0101100
+317 0 +315 0 -313 0 -312 0 *
Fa
0  1e-07 2 0
2  2
0101000
+329 0 +320 0 +311 0 *
Ve
1e-07
17 17 6
0 0

0101101
*
Ed
 1e-07 1 1 0
1  16 0 0 17
2  39 4 0 0 17
2  40 3 0 0 17
6  31 3 0
6  32 4 0
0

0101000
-309 0 +341 0 *
Ed
 1e-07 1 1 0
1  17 0 0 17
2  41 6 0 0 17
2  42 3 0 0 17
6  33 3 0
6  34 6 0
0

0101000
-309 0 +332 0 *
Wi

0101100
-340 0 -308 0 +307 0 +330 0 *
Fa
0  1e-07 3 0
2  3
0101000
+306 0 *
Ve
1e-07
17 17 0
0 0

0101101
*
Ed
 1e-07 1 1 0
1  18 0 0 17
2  43 4 0 0 17
2  44 5 0 0 17
6  35 4 0
6  36 5 0
0

0101000
-304 0 +339 0 *
Ed
 1e-07 1 1 0
1  19 0 0 6
2  45 6 0 0 6
2  46 4 0 0 6
6  37 4 0
6  38 6 0
0

0101000
-309 0 +304 0 *
Wi

0101100
-303 0 -302 0 +308 0 +338 0 *
Fa
0  1e-07 4 0
2  4
0101000
+301 0 *
Ed
 1e-07 1 1 0
1  20 0 0 17
2  47 6 0 0 17
2  48 5 0 0 17
6  39 5 0
6  40 6 0
0

0101000
-304 0 +334 0 *
Wi

0101100
-337 0 -303 0 +299 0 +333 0 *
Fa
0  1e-07 5 0
2  5
0101000
+298 0 *
Wi

0101100
-331 0 -307 0 +302 0 +299 0 *
Fa
0  1e-07 6 0
2  6
0101000
+296 0 *
Ve
1e-07
4.5 1 4.5
0 0

0101101
*
Ed
 1e-07 1 1 0
1  21 0 0 1
2  49 7 0 0 1
2  50 11 0 0 1
6  41 7 0
6  42 10 0
0

0101000
+328 0 -294 0 *
Ve
1e-07
4.5 1 3.5
0 0

0101101
*
Ed
 1e-07 1 1 0
1  22 0 0 1
2  51 17 0 0 1
4 C0 17 0 18 0
2  52 18 0 0 1
2  53 7 0 0 1
6  43 15 0
6  44 7 0
0

0101000
+292 0 -294 0 *
Ed
 1e-07 1 1 0
1  23 0 0 1
2  54 7 0 0 1
2  55 9 0 0 1
6  45 7 0
6  46 8 0
0

0101000
+327 0 -292 0 *
Wi

0101100
-326 0 -293 0 +291 0 +290 0 *
Fa
0  1e-07 7 0
2  7
0101000
+289 0 *
Ve
1e-07
3.5 1 3.5
0 0

0101101
*
Ed
 1e-07 1 1 0
1  24 0 0 1
2  56 10 0 0 1
2  57 9 0 0 1
6  47 8 0
6  48 9 0
0

0101000
+325 0 -287 0 *
Ed
 1e-07 1 1 0
1  25 0 0 1
4 C0 19 0 18 0
2  58 19 0 0 1
2  59 18 0 0 1
2  60 9 0 0 1
6  49 8 0
6  50 16 0
0

0101000
+287 0 -292 0 *
Wi

0101100
-286 0 -285 0 +290 0 +324 0 *
Fa
0  1e-07 9 0
2  8
0101000
+284 0 *
Ve
1e-07
3.5 1 4.5
0 0

0101101
*
Ed
 1e-07 1 1 0
1  26 0 0 1
2  61 10 0 0 1
2  62 11 0 0 1
6  51 9 0
6  52 10 0
0

0101000
+323 0 -282 0 *
Ed
 1e-07 1 1 0
1  27 0 0 1
2  63 20 0 0 1
4 C0 20 0 18 0
2  64 18 0 0 1
2  65 10 0 0 1
6  53 17 0
6  54 9 0
0

0101000
+287 0 -282 0 *
Wi

0101100
-322 0 -281 0 +280 0 +286 0 *
Fa
0  1e-07 10 0
2  9
0101000
+279 0 *
Ed
 1e-07 1 1 0
1  28 0 0 1
4 C0 21 0 18 0
2  66 21 0 0 1
2  67 18 0 0 1
2  68 11 0 0 1
6  55 10 0
6  56 18 0
0

0101000
+282 0 -294 0 *
Wi

0101100
-281 0 -277 0 +293 0 +321 0 *
Fa
0  1e-07 11 0
2  10
0101000
+276 0 *
Ve
1e-07
13.5 1 2.5
0 0

0101101
*
Ed
 1e-07 1 1 0
1  29 0 0 1
2  69 12 0 0 1
2  70 16 0 0 1
6  57 11 0
6  58 14 0
0

0101000
+319 0 -274 0 *
Ve
1e-07
13.5 1 1.5
0 0

0101101
*
Ed
 1e-07 1 1 0
1  30 0 0 1
2  71 22 0 0 1
4 C0 22 0 23 0
2  72 23 0 0 1
2  73 12 0 0 1
6  59 19 0
6  60 11 0
0

0101000
+272 0 -274 0 *
Ed
 1e-07 1 1 0
1  31 0 0 1
2  74 12 0 0 1
2  75 14 0 0 1
6  61 11 0
6  62 12 0
0

0101000
+318 0 -272 0 *
Wi

0101100
-317 0 -273 0 +271 0 +270 0 *
Fa
0  1e-07 12 0
2  11
0101000
+269 0 *
Ve
1e-07
12.5 1 1.5
0 0

0101101
*
Ed
 1e-07 1 1 0
1  32 0 0 1
2  76 15 0 0 1
2  77 14 0 0 1
6  63 12 0
6  64 13 0
0

0101000
+316 0 -267 0 *
Ed
 1e-07 1 1 0
1  33 0 0 1
4 C0 24 0 23 0
2  78 24 0 0 1
2  79 23 0 0 1
2  80 14 0 0 1
6  65 12 0
6  66 20 0
0

0101000
+267 0 -272 0 *
Wi

0101100
-266 0 -265 0 +270 0 +315 0 *
Fa
0  1e-07 14 0
2  12
0101000
+264 0 *
Ve
1e-07
12.5 1 2.5
0 0

0101101
*
Ed
 1e-07 1 1 0
1  34 0 0 1
2  81 15 0 0 1
2  82 16 0 0 1
6  67 13 0
6  68 14 0
0

0101000
+314 0 -262 0 *
Ed
 1e-07 1 1 0
1  35 0 0 1
2  83 25 0 0 1
4 C0 25 0 23 0
2  84 23 0 0 1
2  85 15 0 0 1
6  69 21 0
6  70 13 0
0

0101000
+267 0 -262 0 *
Wi

0101100
-313 0 -261 0 +260 0 +266 0 *
Fa
0  1e-07 15 0
2  13
0101000
+259 0 *
Ed
 1e-07 1 1 0
1  36 0 0 1
4 C0 26 0 23 0
2  86 26 0 0 1
2  87 23 0 0 1
2  88 16 0 0 1
6  71 14 0
6  72 22 0
0

0101000
+262 0 -274 0 *
Wi

0101100
-261 0 -257 0 +273 0 +312 0 *
Fa
0  1e-07 16 0
2  14
0101000
+256 0 *
Ve
1e-07
4.5 12.5 2.5
0 0

0101101
*
Ed
 1e-07 1 1 0
1  37 0 0 1
2  89 17 0 0 1
4 C0 19 0 17 0
2  90 19 0 0 1
6  73 15 0
6  74 16 0
0

0101000
+292 0 -254 0 *
Ve
1e-07
4.5 12.5 3.5
0 0

0101101
*
Ed
 1e-07 1 1 0
1  38 0 0 1
2  91 17 0 0 1
4 C0 17 0 27 0
2  92 27 0 0 1
2  93 28 0 0 1
6  75 15 0
6  76 23 0
0

0101000
+254 0 -252 0 *
Ed
 1e-07 1 1 0
1  39 0 0 1
2  94 17 0 0 1
4 C0 21 0 17 0
2  95 21 0 0 1
6  77 15 0
6  78 18 0
0

0101000
+294 0 -252 0 *
Wi

0101100
-291 0 +253 0 +251 0 -250 0 *
Fa
0  1e-07 17 0
2  15
0101000
+249 0 *
Ve
1e-07
3.5 12.5 2.5
0 0

0101101
*
Ed
 1e-07 1 1 0
1  40 0 0 1
2  96 20 0 0 1
4 C0 19 0 20 0
2  97 19 0 0 1
6  79 17 0
6  80 16 0
0

0101000
+287 0 -247 0 *
Ed
 1e-07 1 1 0
1  41 0 0 1
4 C0 19 0 27 0
2  98 19 0 0 1
2  99 27 0 0 1
6  81 16 0
6  82 24 0
0

0101000
+247 0 -254 0 *
Wi

0101100
-285 0 +246 0 +245 0 -253 0 *
Fa
0  1e-07 19 0
2  16
0101000
+244 0 *
Ve
1e-07
3.5 12.5 3.5
0 0

0101101
*
Ed
 1e-07 1 1 0
1  42 0 0 1
2  100 20 0 0 1
4 C0 20 0 21 0
2  101 21 0 0 1
6  83 17 0
6  84 18 0
0

0101000
+282 0 -242 0 *
Ed
 1e-07 1 1 0
1  43 0 0 1
2  102 20 0 0 1
4 C0 20 0 27 0
2  103 27 0 0 1
6  85 17 0
6  86 25 0
0

0101000
+247 0 -242 0 *
Wi

0101100
+280 0 +241 0 -240 0 -246 0 *
Fa
0  1e-07 20 0
2  17
0101000
+239 0 *
