DBRep_DrawableShape

CASCADE Topology V1, (c) Matra-Datavision
Locations 6
1
              1               0               0              -0 
              0               1               0              -0 
              0               0               1              -0 
2  1 -1 0
1
              1               0               0              -0 
              0               1               0              -0 
              0               0               1              -0 
2  3 -1 0
1
              1               0               0              -0 
              0               1               0              -0 
              0               0               1              -0 
2  5 -1 0
Curve2ds 192
1 0 0 1 0 
1 0 0 1 0 
1 0 0 1 0 
1 0 0 1 0 
1 8.0000000000000018 1.6748665286993129e-15 0.19245008972987526 -0.98130676292531638 
1 0 0 -0.19245008972987526 -0.98130676292531627 
1 1.9607843137254872 -1.999615495526589 -0.70014004201400493 0.71400554729541676 
1 6.0392156862745026 -1.9996154955265775 0.70014004201400493 0.71400554729541676 
1 6.0392156862745026 -1.9996154955265788 0.70014004201400493 0.71400554729541665 
1 1.9607843137254868 -1.9996154955265897 -0.70014004201400493 0.71400554729541676 
1 0 0 1 0 
1 0 0 1 0 
1 8 0 0.19245008972987521 -0.98130676292531627 
1 0 0 -0.19245008972987526 -0.98130676292531638 
1 1.9607843137254832 -1.9996154955265901 0.70014004201400493 -0.71400554729541676 
1 6.0392156862745026 -1.9996154955265752 -0.70014004201400493 -0.71400554729541676 
1 8.0000000000000018 -9.8607613152626476e-32 0.19245008972987526 -0.98130676292531638 
1 0 0 -0.19245008972987526 -0.98130676292531638 
1 0 0 1 0 
1 0 0 1 0 
1 8 0 0 -1 
1 0 0 1 0 
1 8 -8 -1 0 
1 0 -0 1 0 
1 0 0 0 -1 
1 0 0 0 1 
1 0 0 0 1 
1 0 0 1 0 
1 0 8 1 0 
1 0 0 1 0 
1 8 8 0 -1 
1 0 -0 1 0 
1 8 0 0.19245008972987526 -0.98130676292531638 
1 0 -0 -0.19245008972987526 -0.98130676292531638 
1 1.9607843137254843 -1.9996154955265883 -0.70014004201400493 0.71400554729541676 
1 6.0392156862745034 -1.9996154955265764 0.70014004201400493 0.71400554729541676 
1 6.0392156862745034 -1.9996154955265764 0.70014004201400493 0.71400554729541676 
1 1.9607843137254843 -1.9996154955265883 -0.70014004201400493 0.71400554729541676 
1 0 8 1 0 
1 0 0 1 0 
1 8 8 0 -1 
1 0 -0 1 0 
1 8 0 0.19245008972987526 -0.98130676292531638 
1 0 -0 -0.19245008972987526 -0.98130676292531638 
1 1.9607843137254843 -1.9996154955265883 0.70014004201400493 -0.71400554729541676 
1 6.0392156862745034 -1.9996154955265764 -0.70014004201400493 -0.71400554729541676 
1 8 0 0.19245008972987526 -0.98130676292531638 
1 0 -0 -0.19245008972987526 -0.98130676292531638 
1 0 0 1 0 
1 0 0 1 0 
1 8 0 0 -1 
1 0 -0 1 0 
1 8 -8 -1 0 
1 0 0 1 0 
1 0 0 0 -1 
1 0 0 0 1 
1 0 0 0 1 
1 0 0 1 0 
1 0 8 1 0 
1 0 0 1 0 
1 8 8 0 -1 
1 0 0 1 0 
1 8 0 0.19245008972987526 -0.98130676292531638 
1 0 0 -0.19245008972987526 -0.98130676292531627 
1 1.9607843137254835 -1.9996154955265883 -0.70014004201400493 0.71400554729541676 
1 6.0392156862745034 -1.9996154955265746 0.70014004201400493 0.71400554729541676 
1 6.0392156862745034 -1.9996154955265764 0.70014004201400493 0.71400554729541665 
1 1.9607843137254843 -1.9996154955265883 -0.70014004201400493 0.71400554729541676 
1 0 8 1 0 
1 0 0 1 0 
1 7.9999999999999991 8 0 -1 
1 0 -0 1 0 
1 8 0 0.19245008972987526 -0.98130676292531638 
1 0 0 -0.19245008972987526 -0.98130676292531638 
1 1.9607843137254843 -1.9996154955265901 0.70014004201400493 -0.71400554729541676 
1 6.0392156862745026 -1.9996154955265766 -0.70014004201400493 -0.71400554729541676 
1 7.9999999999999991 -3.416727718546597e-16 0.19245008972987526 -0.98130676292531638 
1 0 -0 -0.19245008972987526 -0.98130676292531638 
1 0 0 1 0 
1 0 0 1 0 
1 8 0 0 -1 
1 0 0 1 0 
1 8 -8 -1 0 
1 0 0 1 0 
1 0 0 0 -1 
1 0 0 0 1 
1 0 0 0 1 
1 0 0 1 0 
1 0 8 1 0 
1 0 0 1 0 
1 8 8 0 -1 
1 0 0 1 0 
1 8 9.6069198863250733e-16 0.19245008972987526 -0.98130676292531638 
1 0 0 -0.19245008972987526 -0.98130676292531627 
1 1.9607843137254835 -1.9996154955265897 -0.70014004201400493 0.71400554729541676 
1 6.0392156862745026 -1.9996154955265746 0.70014004201400493 0.71400554729541676 
1 6.0392156862745034 -1.9996154955265788 0.70014004201400493 0.71400554729541665 
1 1.9607843137254868 -1.9996154955265883 -0.70014004201400493 0.71400554729541676 
1 -9.7971743931788257e-16 8 1 0 
1 0 0 1 0 
1 8 8.0000000000000018 0 -1 
1 0 0 1 0 
1 8 0 0.19245008972987526 -0.98130676292531638 
1 0 0 -0.19245008972987526 -0.98130676292531638 
1 1.9607843137254843 -1.9996154955265861 0.70014004201400493 -0.71400554729541676 
1 6.0392156862745061 -1.9996154955265764 -0.70014004201400493 -0.71400554729541676 
1 8.0000000000000018 -2.8514619109449797e-17 0.19245008972987526 -0.98130676292531638 
1 0 0 -0.19245008972987526 -0.98130676292531638 
1 0 0 1 0 
1 0 0 1 0 
1 8 0 0 -1 
1 0 0 1 0 
1 8 -8 -1 0 
1 0 0 1 0 
1 0 0 0 -1 
1 0 0 0 1 
1 0 0 0 1 
1 0 0 1 0 
1 0 8 1 0 
1 0 0 1 0 
1 8 8 0 -1 
1 0 0 1 0 
1 8 1.7418611898472851e-15 0.19245008972987526 -0.98130676292531638 
1 0 0 -0.19245008972987526 -0.98130676292531627 
1 1.9607843137254843 -1.9996154955265895 -0.70014004201400493 0.71400554729541676 
1 6.0392156862745026 -1.9996154955265764 0.70014004201400493 0.71400554729541676 
1 6.0392156862745034 -1.9996154955265788 0.70014004201400493 0.71400554729541665 
1 1.9607843137254868 -1.9996154955265883 -0.70014004201400493 0.71400554729541676 
1 -1.7763568394002505e-15 8 1 0 
1 0 0 1 0 
1 8 8 0 -1 
1 0 0 1 0 
1 8 0 0.19245008972987523 -0.98130676292531638 
1 0 0 -0.19245008972987526 -0.98130676292531638 
1 1.9607843137254843 -1.9996154955265886 0.70014004201400493 -0.71400554729541676 
1 6.0392156862745034 -1.9996154955265761 -0.70014004201400493 -0.71400554729541676 
1 8.0000000000000018 -1.7445962327003145e-31 0.19245008972987526 -0.98130676292531638 
1 0 0 -0.19245008972987526 -0.98130676292531638 
1 0 0 1 0 
1 0 0 1 0 
1 0 0 1 0 
1 0 0 1 0 
1 8 0 0.19245008972987526 -0.98130676292531638 
1 0 0 -0.19245008972987526 -0.98130676292531638 
1 1.9607843137254832 -1.9996154955265899 -0.70014004201400493 0.71400554729541676 
1 6.0392156862745026 -1.9996154955265752 0.70014004201400493 0.71400554729541676 
1 6.0392156862745026 -1.9996154955265752 0.70014004201400493 0.71400554729541676 
1 1.9607843137254832 -1.9996154955265899 -0.70014004201400493 0.71400554729541676 
1 0 0 1 0 
1 0 0 1 0 
1 8 0 0.19245008972987526 -0.98130676292531638 
1 0 0 -0.19245008972987526 -0.98130676292531638 
1 1.9607843137254832 -1.9996154955265899 0.70014004201400493 -0.71400554729541676 
1 6.0392156862745026 -1.9996154955265752 -0.70014004201400493 -0.71400554729541676 
1 8 0 0.19245008972987526 -0.98130676292531638 
1 0 0 -0.19245008972987526 -0.98130676292531638 
1 0 0 1 0 
1 0 0 1 0 
1 0 0 1 0 
1 0 0 1 0 
1 8 8.7093059492364253e-16 0.19245008972987526 -0.98130676292531638 
1 0 0 -0.19245008972987526 -0.98130676292531627 
1 1.9607843137254835 -1.9996154955265859 -0.70014004201400493 0.71400554729541676 
1 6.0392156862745043 -1.9996154955265746 0.70014004201400493 0.71400554729541676 
1 6.0392156862745026 -1.9996154955265752 0.70014004201400493 0.71400554729541665 
1 1.9607843137254832 -1.9996154955265897 -0.70014004201400493 0.71400554729541676 
1 0 0 1 0 
1 0 0 1 0 
1 8 0 0.19245008972987526 -0.98130676292531638 
1 0 0 -0.19245008972987526 -0.98130676292531638 
1 1.9607843137254832 -1.9996154955265895 0.70014004201400493 -0.71400554729541676 
1 6.0392156862745026 -1.9996154955265755 -0.70014004201400493 -0.71400554729541676 
1 7.9999999999999982 4.9303806576313238e-32 0.19245008972987526 -0.98130676292531638 
1 0 0 -0.19245008972987526 -0.98130676292531638 
1 0 0 1 -2.4651903288156619e-32 
1 0 0 1 0 
1 0 -0 1 0 
1 0 0 1 -2.4651903288156619e-32 
1 8 9.2374229676202603e-16 0.19245008972987526 -0.98130676292531638 
1 0 0 -0.19245008972987526 -0.98130676292531627 
1 1.9607843137254835 -1.9996154955265892 -0.70014004201400493 0.71400554729541676 
1 6.0392156862745026 -1.9996154955265746 0.70014004201400493 0.71400554729541676 
1 6.0392156862745026 -1.9996154955265788 0.70014004201400493 0.71400554729541665 
1 1.9607843137254868 -1.9996154955265897 -0.70014004201400493 0.71400554729541676 
1 0 0 1 3.0814879110195774e-33 
1 0 0 1 3.0814879110195774e-33 
1 8 0 0.19245008972987526 -0.98130676292531638 
1 0 0 -0.19245008972987526 -0.98130676292531638 
1 1.9607843137254832 -1.9996154955265857 0.70014004201400493 -0.71400554729541676 
1 6.0392156862745061 -1.9996154955265755 -0.70014004201400493 -0.71400554729541676 
1 8.0000000000000018 -1.7952278741773004e-17 0.19245008972987526 -0.98130676292531638 
1 0 0 -0.19245008972987526 -0.98130676292531638 
Curves 120
1 20 0 20 -0 -0 -1 
1 20 0 12 -1 2.2204460492503131e-16 -0 
1 11.999999999999998 0 12 -0 -0 1 
1 20 0 20 -1 2.2204460492503131e-16 -0 
1 20 0 20 2.2204460492503131e-16 1 -0 
1 20 8 20 -0 -0 -1 
1 20 8 12 -2.2204460492503131e-16 -1 -0 
1 11.999999999999998 0 12 -0.19245008972987504 0.96225044864937626 -0.19245008972987526 
1 18.039215686274513 1.9607843137254974 11.607843137254903 0.70014004201400482 -0.70014004201400504 0.14002800840280097 
1 11.607843137254902 1.9607843137254868 18.039215686274503 0.1400280084028008 -0.70014004201400493 0.70014004201400493 
1 11.999999999999998 0 20 2.2204460492503131e-16 1 -0 
1 12 8.0000000000000018 20 1 -2.2204460492503131e-16 -0 
1 20 8 12 -0.96225044864937626 0.19245008972987548 -0.19245008972987526 
1 18.039215686274503 8.3921568627450966 18.039215686274517 -0.70014004201400493 0.14002800840280114 -0.70014004201400493 
1 12 8.0000000000000018 20 -0.19245008972987521 0.19245008972987532 -0.96225044864937626 
1 0 0 0 0 0 1 
1 0 0 8 0 1 0 
1 0 8 8 0 0 -1 
1 0 0 0 0 1 0 
1 0 0 0 1 0 0 
1 8 0 0 0 0 1 
1 8 0 8 -1 0 0 
1 0 8 8 0.96225044864937626 0.19245008972987526 0.19245008972987526 
1 1.9607843137254966 1.9607843137254843 8.3921568627450966 -0.70014004201400493 -0.70014004201400493 -0.14002800840280097 
1 1.9607843137254843 8.3921568627450966 1.9607843137254966 -0.70014004201400493 -0.14002800840280097 -0.70014004201400493 
1 0 8 0 1 0 0 
1 8 8 0 0 -1 0 
1 8 0 8 0.19245008972987526 0.96225044864937626 0.19245008972987526 
1 8.3921568627450966 1.9607843137254966 1.9607843137254843 0.14002800840280097 0.70014004201400493 0.70014004201400493 
1 8 8 0 0.19245008972987526 0.19245008972987526 0.96225044864937626 
1 20 -1.7763568394002505e-15 0 0 0 1 
1 20 -1.7763568394002505e-15 8 -1 1.1102230246251565e-16 0 
1 12 -8.8817841970012523e-16 8 0 0 -1 
1 20 -1.7763568394002505e-15 0 -1 1.1102230246251565e-16 0 
1 20 -1.7763568394002505e-15 0 1.1102230246251565e-16 1 0 
1 20 7.9999999999999982 0 0 0 1 
1 20 7.9999999999999982 8 -1.1102230246251565e-16 -1 0 
1 12 -8.8817841970012523e-16 8 -0.19245008972987515 0.96225044864937626 0.19245008972987526 
1 18.039215686274517 1.960784313725495 8.3921568627450966 0.70014004201400482 -0.70014004201400504 -0.14002800840280097 
1 11.607843137254903 1.9607843137254835 1.9607843137254966 0.14002800840280089 -0.70014004201400493 -0.70014004201400493 
1 12 -8.8817841970012523e-16 0 1.1102230246251565e-16 1 0 
1 12 7.9999999999999982 0 1 -1.1102230246251565e-16 0 
1 20 7.9999999999999982 8 -0.96225044864937626 0.19245008972987537 0.19245008972987526 
1 18.039215686274503 8.3921568627450949 1.9607843137254843 -0.70014004201400493 0.14002800840280105 0.70014004201400493 
1 12 7.9999999999999982 0 -0.19245008972987523 0.19245008972987529 0.96225044864937626 
1 20 20 0 0 0 1 
1 20 20 8 -1.2246467991473532e-16 -1 0 
1 20 12 8 -0 0 -1 
1 20 20 0 -1.2246467991473532e-16 -1 0 
1 20 20 0 -1 1.2246467991473532e-16 0 
1 12 20 0 0 0 1 
1 12 20 8 1 -1.2246467991473532e-16 0 
1 20 12 8 -0.96225044864937626 -0.19245008972987515 0.19245008972987526 
1 18.039215686274503 18.039215686274517 8.3921568627450966 0.70014004201400504 0.70014004201400482 -0.14002800840280097 
1 18.039215686274513 11.607843137254903 1.9607843137254966 0.70014004201400493 0.14002800840280089 -0.70014004201400493 
1 20 12 0 -1 1.2246467991473532e-16 0 
1 11.999999999999998 12 0 1.2246467991473532e-16 1 0 
1 12 20 8 -0.19245008972987537 -0.96225044864937626 0.19245008972987526 
1 11.607843137254903 18.039215686274506 1.9607843137254843 -0.14002800840280105 -0.70014004201400493 0.70014004201400493 
1 11.999999999999998 12 0 -0.19245008972987529 -0.19245008972987523 0.96225044864937626 
1 1.7763568394002505e-15 20 0 0 0 1 
1 1.7763568394002505e-15 20 8 1 -2.2204460492503131e-16 0 
1 8.0000000000000018 20 8 0 -0 -1 
1 1.7763568394002505e-15 20 0 1 -2.2204460492503131e-16 0 
1 1.7763568394002505e-15 20 0 -2.2204460492503131e-16 -1 0 
1 0 12 0 0 0 1 
1 0 12 8 2.2204460492503131e-16 1 0 
1 8.0000000000000018 20 8 0.19245008972987504 -0.96225044864937626 0.19245008972987526 
1 1.9607843137254857 18.039215686274503 8.3921568627450966 -0.70014004201400482 0.70014004201400504 -0.14002800840280097 
1 8.3921568627450984 18.039215686274513 1.9607843137254966 -0.1400280084028008 0.70014004201400493 -0.70014004201400493 
1 8.0000000000000018 20 0 -2.2204460492503131e-16 -1 0 
1 8 11.999999999999998 0 -1 2.2204460492503131e-16 0 
1 0 12 8 0.96225044864937626 -0.19245008972987548 0.19245008972987526 
1 1.9607843137254966 11.607843137254903 1.9607843137254843 0.70014004201400493 -0.14002800840280114 0.70014004201400493 
1 8 11.999999999999998 0 0.19245008972987521 -0.19245008972987532 0.96225044864937626 
1 20 20 20 -0 -0 -1 
1 20 20 12 -0 -1 -0 
1 20 12 12 -0 -0 1 
1 20 20 20 -0 -1 -0 
1 20 20 20 -1 -0 -0 
1 12 20 20 -0 -0 -1 
1 12 20 12 1 -0 -0 
1 20 12 12 -0.96225044864937626 -0.19245008972987526 -0.19245008972987526 
1 18.039215686274503 18.039215686274517 11.607843137254903 0.70014004201400493 0.70014004201400493 0.14002800840280097 
1 18.039215686274517 11.607843137254903 18.039215686274503 0.70014004201400493 0.14002800840280097 0.70014004201400493 
1 20 12 20 -1 -0 -0 
1 12 12 20 -0 1 -0 
1 12 20 12 -0.19245008972987526 -0.96225044864937626 -0.19245008972987526 
1 11.607843137254903 18.039215686274503 18.039215686274517 -0.14002800840280097 -0.70014004201400493 -0.70014004201400493 
1 12 12 20 -0.19245008972987526 -0.19245008972987526 -0.96225044864937626 
1 0 20 20 -0 -0 -1 
1 0 20 12 1 -1.1102230246251565e-16 -0 
1 8 20 12 -0 -0 1 
1 0 20 20 1 -1.1102230246251565e-16 -0 
1 0 20 20 -1.1102230246251565e-16 -1 -0 
1 0 12.000000000000002 20 -0 -0 -1 
1 0 12.000000000000002 12 1.1102230246251565e-16 1 -0 
1 8 20 12 0.19245008972987515 -0.96225044864937626 -0.19245008972987526 
1 1.9607843137254832 18.039215686274506 11.607843137254903 -0.70014004201400482 0.70014004201400504 0.14002800840280097 
1 8.3921568627450966 18.039215686274517 18.039215686274503 -0.14002800840280089 0.70014004201400493 0.70014004201400493 
1 8 20 20 -1.1102230246251565e-16 -1 -0 
1 8 12.000000000000002 20 -1 1.1102230246251565e-16 -0 
1 0 12.000000000000002 12 0.96225044864937626 -0.19245008972987537 -0.19245008972987526 
1 1.9607843137254974 11.607843137254905 18.039215686274517 0.70014004201400493 -0.14002800840280105 -0.70014004201400493 
1 8 12.000000000000002 20 0.19245008972987523 -0.19245008972987529 -0.96225044864937626 
1 0 0 20 -0 -0 -1 
1 0 0 12 1.2246467991473532e-16 1 -0 
1 0 8 12 -0 -0 1 
1 0 0 20 1.2246467991473532e-16 1 -0 
1 0 0 20 1 -1.2246467991473532e-16 -0 
1 8 0 20 -0 -0 -1 
1 8 0 12 -1 1.2246467991473532e-16 -0 
1 0 8 12 0.96225044864937626 0.19245008972987515 -0.19245008972987526 
1 1.9607843137254974 1.9607843137254832 11.607843137254903 -0.70014004201400504 -0.70014004201400482 0.14002800840280097 
1 1.9607843137254868 8.3921568627450966 18.039215686274503 -0.70014004201400493 -0.14002800840280089 0.70014004201400493 
1 0 8 20 1 -1.2246467991473532e-16 -0 
1 8.0000000000000018 8 20 -1.2246467991473532e-16 -1 -0 
1 8 0 12 0.19245008972987537 0.96225044864937626 -0.19245008972987526 
1 8.3921568627450966 1.9607843137254939 18.039215686274517 0.14002800840280105 0.70014004201400493 -0.70014004201400493 
1 8.0000000000000018 8 20 0.19245008972987529 0.19245008972987523 -0.96225044864937626 
Polygon3D 0
PolygonOnTriangulations 288
2 1 2 
p 0.00400000408000001 1 0 8 
2 1 3 
p 0.00400000408000001 1 0 8 
2 2 4 
p 0.00400000408000001 1 0 8 
2 1 2 
p 0.00400000408000001 1 0 8 
2 1 2 
p 0.00400000408000001 1 0 8 
2 4 3 
p 0.00400000408000001 1 0 8 
2 1 2 
p 0.00400000408000001 1 0 8 
2 1 2 
p 0.00400000408000001 1 0 8 
2 1 3 
p 0.00400000408000001 1 0 8 
2 1 2 
p 0.00400000408000001 1 0 8 
2 1 2 
p 0.00400000408000001 1 0 8 
2 1 3 
p 0.00400000408000001 1 0 8 
2 2 4 
p 0.00400000408000001 1 0 8 
2 1 2 
p 0.00400000408000001 1 0 8 
2 1 2 
p 0.00400000408000001 1 0 8 
2 4 3 
p 0.00400000408000001 1 0 8 
2 1 2 
p 0.00400000408000001 1 0 8 
2 1 2 
p 0.00400000408000001 1 0 8 
2 2 3 
p 0.00400000408000001 1 0 10.3923048454133 
2 1 3 
p 0.00400000408000001 1 0 10.3923048454133 
2 3 1 
p 0.00400000408000001 1 -11.4822966890297 2.80056016805601 
2 3 2 
p 0.00400000408000001 1 -11.4822966890297 2.80056016805601 
2 3 2 
p 0.00400000408000001 1 -11.4822966890297 2.80056016805601 
2 3 1 
p 0.00400000408000001 1 -11.4822966890297 2.80056016805601 
2 2 4 
p 0.00400000408000001 1 0 8 
2 1 2 
p 0.00400000408000001 1 0 8 
2 1 2 
p 0.00400000408000001 1 0 8 
2 4 3 
p 0.00400000408000001 1 0 8 
2 1 2 
p 0.00400000408000001 1 0 8 
2 1 2 
p 0.00400000408000001 1 0 8 
2 2 3 
p 0.00400000408000001 1 0 10.3923048454133 
2 1 3 
p 0.00400000408000001 1 0 10.3923048454133 
2 1 3 
p 0.00400000408000001 1 -2.80056016805601 11.4822966890297 
2 2 3 
p 0.00400000408000001 1 -2.80056016805601 11.4822966890297 
2 2 3 
p 0.00400000408000001 1 0 10.3923048454133 
2 1 3 
p 0.00400000408000001 1 0 10.3923048454133 
2 1 2 
p 0.00400000408000001 1 0 8 
2 1 3 
p 0.00400000408000001 1 0 8 
2 2 4 
p 0.00400000408000001 1 0 8 
2 1 2 
p 0.00400000408000001 1 0 8 
2 1 2 
p 0.00400000408000001 1 0 8 
2 4 3 
p 0.00400000408000001 1 0 8 
2 1 2 
p 0.00400000408000001 1 0 8 
2 1 2 
p 0.00400000408000001 1 0 8 
2 1 3 
p 0.00400000408000001 1 0 8 
2 1 2 
p 0.00400000408000001 1 0 8 
2 1 2 
p 0.00400000408000001 1 0 8 
2 1 3 
p 0.00400000408000001 1 0 8 
2 2 4 
p 0.00400000408000001 1 0 8 
2 1 2 
p 0.00400000408000001 1 0 8 
2 1 2 
p 0.00400000408000001 1 0 8 
2 4 3 
p 0.00400000408000001 1 0 8 
2 1 2 
p 0.00400000408000001 1 0 8 
2 1 2 
p 0.00400000408000001 1 0 8 
2 2 3 
p 0.00400000408000001 1 0 10.3923048454133 
2 1 3 
p 0.00400000408000001 1 0 10.3923048454133 
2 3 1 
p 0.00400000408000001 1 -11.4822966890297 2.80056016805601 
2 3 2 
p 0.00400000408000001 1 -11.4822966890297 2.80056016805601 
2 3 2 
p 0.00400000408000001 1 -11.4822966890297 2.80056016805601 
2 3 1 
p 0.00400000408000001 1 -11.4822966890297 2.80056016805601 
2 2 4 
p 0.00400000408000001 1 0 8 
2 1 2 
p 0.00400000408000001 1 0 8 
2 1 2 
p 0.00400000408000001 1 0 8 
2 4 3 
p 0.00400000408000001 1 0 8 
2 1 2 
p 0.00400000408000001 1 0 8 
2 1 2 
p 0.00400000408000001 1 0 8 
2 2 3 
p 0.00400000408000001 1 0 10.3923048454133 
2 1 3 
p 0.00400000408000001 1 0 10.3923048454133 
2 1 3 
p 0.00400000408000001 1 -2.80056016805601 11.4822966890297 
2 2 3 
p 0.00400000408000001 1 -2.80056016805601 11.4822966890297 
2 2 3 
p 0.00400000408000001 1 0 10.3923048454133 
2 1 3 
p 0.00400000408000001 1 0 10.3923048454133 
2 1 2 
p 0.00400000408000001 1 0 8 
2 1 3 
p 0.00400000408000001 1 0 8 
2 2 4 
p 0.00400000408000001 1 0 8 
2 1 2 
p 0.00400000408000001 1 0 8 
2 1 2 
p 0.00400000408000001 1 0 8 
2 4 3 
p 0.00400000408000001 1 0 8 
2 1 2 
p 0.00400000408000001 1 0 8 
2 1 2 
p 0.00400000408000001 1 0 8 
2 1 3 
p 0.00400000408000001 1 0 8 
2 1 2 
p 0.00400000408000001 1 0 8 
2 1 2 
p 0.00400000408000001 1 0 8 
2 1 3 
p 0.00400000408000001 1 0 8 
2 2 4 
p 0.00400000408000001 1 0 8 
2 1 2 
p 0.00400000408000001 1 0 8 
2 1 2 
p 0.00400000408000001 1 0 8 
2 4 3 
p 0.00400000408000001 1 0 8 
2 1 2 
p 0.00400000408000001 1 0 8 
2 1 2 
p 0.00400000408000001 1 0 8 
2 2 3 
p 0.00400000408000001 1 0 10.3923048454133 
2 1 3 
p 0.00400000408000001 1 0 10.3923048454133 
2 3 1 
p 0.00400000408000001 1 -11.4822966890297 2.80056016805601 
2 3 2 
p 0.00400000408000001 1 -11.4822966890297 2.80056016805601 
2 3 2 
p 0.00400000408000001 1 -11.4822966890297 2.80056016805601 
2 3 1 
p 0.00400000408000001 1 -11.4822966890297 2.80056016805601 
2 2 4 
p 0.00400000408000001 1 0 8 
2 1 2 
p 0.00400000408000001 1 0 8 
2 1 2 
p 0.00400000408000001 1 0 8 
2 4 3 
p 0.00400000408000001 1 0 8 
2 1 2 
p 0.00400000408000001 1 0 8 
2 1 2 
p 0.00400000408000001 1 0 8 
2 2 3 
p 0.00400000408000001 1 0 10.3923048454133 
2 1 3 
p 0.00400000408000001 1 0 10.3923048454133 
2 1 3 
p 0.00400000408000001 1 -2.80056016805601 11.4822966890297 
2 2 3 
p 0.00400000408000001 1 -2.80056016805601 11.4822966890297 
2 2 3 
p 0.00400000408000001 1 0 10.3923048454133 
2 1 3 
p 0.00400000408000001 1 0 10.3923048454133 
2 1 2 
p 0.00400000408 1 0 8 
2 1 3 
p 0.00400000408 1 0 8 
2 2 4 
p 0.00400000408 1 0 8 
2 1 2 
p 0.00400000408 1 0 8 
2 1 2 
p 0.00400000408 1 0 8 
2 4 3 
p 0.00400000408 1 0 8 
2 1 2 
p 0.00400000408 1 0 8 
2 1 2 
p 0.00400000408 1 0 8 
2 1 3 
p 0.00400000408 1 0 8 
2 1 2 
p 0.00400000408 1 0 8 
2 1 2 
p 0.00400000408 1 0 8 
2 1 3 
p 0.00400000408 1 0 8 
2 2 4 
p 0.00400000408 1 0 8 
2 1 2 
p 0.00400000408 1 0 8 
2 1 2 
p 0.00400000408 1 0 8 
2 4 3 
p 0.00400000408 1 0 8 
2 1 2 
p 0.00400000408 1 0 8 
2 1 2 
p 0.00400000408 1 0 8 
2 2 3 
p 0.00400000408 1 0 10.3923048454133 
2 1 3 
p 0.00400000408 1 0 10.3923048454133 
2 3 1 
p 0.00400000408 1 -11.4822966890297 2.80056016805601 
2 3 2 
p 0.00400000408 1 -11.4822966890297 2.80056016805601 
2 3 2 
p 0.00400000408 1 -11.4822966890297 2.80056016805601 
2 3 1 
p 0.00400000408 1 -11.4822966890297 2.80056016805601 
2 2 4 
p 0.00400000408 1 0 8 
2 1 2 
p 0.00400000408 1 0 8 
2 1 2 
p 0.00400000408 1 0 8 
2 4 3 
p 0.00400000408 1 0 8 
2 1 2 
p 0.00400000408 1 0 8 
2 1 2 
p 0.00400000408 1 0 8 
2 2 3 
p 0.00400000408 1 0 10.3923048454133 
2 1 3 
p 0.00400000408 1 0 10.3923048454133 
2 1 3 
p 0.00400000408 1 -2.80056016805601 11.4822966890297 
2 2 3 
p 0.00400000408 1 -2.80056016805601 11.4822966890297 
2 2 3 
p 0.00400000408 1 0 10.3923048454133 
2 1 3 
p 0.00400000408 1 0 10.3923048454133 
2 1 2 
p 0.00400000408000001 1 0 8 
2 1 3 
p 0.00400000408000001 1 0 8 
2 2 4 
p 0.00400000408000001 1 0 8 
2 1 2 
p 0.00400000408000001 1 0 8 
2 1 2 
p 0.00400000408000001 1 0 8 
2 4 3 
p 0.00400000408000001 1 0 8 
2 1 2 
p 0.00400000408000001 1 0 8 
2 1 2 
p 0.00400000408000001 1 0 8 
2 1 3 
p 0.00400000408000001 1 0 8 
2 1 2 
p 0.00400000408000001 1 0 8 
2 1 2 
p 0.00400000408000001 1 0 8 
2 1 3 
p 0.00400000408000001 1 0 8 
2 2 4 
p 0.00400000408000001 1 0 8 
2 1 2 
p 0.00400000408000001 1 0 8 
2 1 2 
p 0.00400000408000001 1 0 8 
2 4 3 
p 0.00400000408000001 1 0 8 
2 1 2 
p 0.00400000408000001 1 0 8 
2 1 2 
p 0.00400000408000001 1 0 8 
2 2 3 
p 0.00400000408000001 1 0 10.3923048454133 
2 1 3 
p 0.00400000408000001 1 0 10.3923048454133 
2 3 1 
p 0.00400000408000001 1 -11.4822966890297 2.80056016805601 
2 3 2 
p 0.00400000408000001 1 -11.4822966890297 2.80056016805601 
2 3 2 
p 0.00400000408000001 1 -11.4822966890297 2.80056016805601 
2 3 1 
p 0.00400000408000001 1 -11.4822966890297 2.80056016805601 
2 2 4 
p 0.00400000408000001 1 0 8 
2 1 2 
p 0.00400000408000001 1 0 8 
2 1 2 
p 0.00400000408000001 1 0 8 
2 4 3 
p 0.00400000408000001 1 0 8 
2 1 2 
p 0.00400000408000001 1 0 8 
2 1 2 
p 0.00400000408000001 1 0 8 
2 2 3 
p 0.00400000408000001 1 0 10.3923048454133 
2 1 3 
p 0.00400000408000001 1 0 10.3923048454133 
2 1 3 
p 0.00400000408000001 1 -2.80056016805601 11.4822966890297 
2 2 3 
p 0.00400000408000001 1 -2.80056016805601 11.4822966890297 
2 2 3 
p 0.00400000408000001 1 0 10.3923048454133 
2 1 3 
p 0.00400000408000001 1 0 10.3923048454133 
2 1 2 
p 0.00400000408000001 1 0 8 
2 1 3 
p 0.00400000408000001 1 0 8 
2 2 4 
p 0.00400000408000001 1 0 8 
2 1 2 
p 0.00400000408000001 1 0 8 
2 1 2 
p 0.00400000408000001 1 0 8 
2 4 3 
p 0.00400000408000001 1 0 8 
2 1 2 
p 0.00400000408000001 1 0 8 
2 1 2 
p 0.00400000408000001 1 0 8 
2 1 3 
p 0.00400000408000001 1 0 8 
2 1 2 
p 0.00400000408000001 1 0 8 
2 1 2 
p 0.00400000408000001 1 0 8 
2 1 3 
p 0.00400000408000001 1 0 8 
2 2 4 
p 0.00400000408000001 1 0 8 
2 1 2 
p 0.00400000408000001 1 0 8 
2 1 2 
p 0.00400000408000001 1 0 8 
2 4 3 
p 0.00400000408000001 1 0 8 
2 1 2 
p 0.00400000408000001 1 0 8 
2 1 2 
p 0.00400000408000001 1 0 8 
2 2 3 
p 0.00400000408000001 1 0 10.3923048454133 
2 1 3 
p 0.00400000408000001 1 0 10.3923048454133 
2 3 1 
p 0.00400000408000001 1 -11.4822966890297 2.80056016805601 
2 3 2 
p 0.00400000408000001 1 -11.4822966890297 2.80056016805601 
2 3 2 
p 0.00400000408000001 1 -11.4822966890297 2.80056016805601 
2 3 1 
p 0.00400000408000001 1 -11.4822966890297 2.80056016805601 
2 2 4 
p 0.00400000408000001 1 0 8 
2 1 2 
p 0.00400000408000001 1 0 8 
2 1 2 
p 0.00400000408000001 1 0 8 
2 4 3 
p 0.00400000408000001 1 0 8 
2 1 2 
p 0.00400000408000001 1 0 8 
2 1 2 
p 0.00400000408000001 1 0 8 
2 2 3 
p 0.00400000408000001 1 0 10.3923048454133 
2 1 3 
p 0.00400000408000001 1 0 10.3923048454133 
2 1 3 
p 0.00400000408000001 1 -2.80056016805601 11.4822966890297 
2 2 3 
p 0.00400000408000001 1 -2.80056016805601 11.4822966890297 
2 2 3 
p 0.00400000408000001 1 0 10.3923048454133 
2 1 3 
p 0.00400000408000001 1 0 10.3923048454133 
2 1 2 
p 0.00400000408000001 1 0 8 
2 1 3 
p 0.00400000408000001 1 0 8 
2 2 4 
p 0.00400000408000001 1 0 8 
2 1 2 
p 0.00400000408000001 1 0 8 
2 1 2 
p 0.00400000408000001 1 0 8 
2 4 3 
p 0.00400000408000001 1 0 8 
2 1 2 
p 0.00400000408000001 1 0 8 
2 1 2 
p 0.00400000408000001 1 0 8 
2 1 3 
p 0.00400000408000001 1 0 8 
2 1 2 
p 0.00400000408000001 1 0 8 
2 1 2 
p 0.00400000408000001 1 0 8 
2 1 3 
p 0.00400000408000001 1 0 8 
2 2 4 
p 0.00400000408000001 1 0 8 
2 1 2 
p 0.00400000408000001 1 0 8 
2 1 2 
p 0.00400000408000001 1 0 8 
2 4 3 
p 0.00400000408000001 1 0 8 
2 1 2 
p 0.00400000408000001 1 0 8 
2 1 2 
p 0.00400000408000001 1 0 8 
2 2 3 
p 0.00400000408000001 1 0 10.3923048454133 
2 1 3 
p 0.00400000408000001 1 0 10.3923048454133 
2 3 1 
p 0.00400000408000001 1 -11.4822966890297 2.80056016805601 
2 3 2 
p 0.00400000408000001 1 -11.4822966890297 2.80056016805601 
2 3 2 
p 0.00400000408000001 1 -11.4822966890297 2.80056016805601 
2 3 1 
p 0.00400000408000001 1 -11.4822966890297 2.80056016805601 
2 2 4 
p 0.00400000408000001 1 0 8 
2 1 2 
p 0.00400000408000001 1 0 8 
2 1 2 
p 0.00400000408000001 1 0 8 
2 4 3 
p 0.00400000408000001 1 0 8 
2 1 2 
p 0.00400000408000001 1 0 8 
2 1 2 
p 0.00400000408000001 1 0 8 
2 2 3 
p 0.00400000408000001 1 0 10.3923048454133 
2 1 3 
p 0.00400000408000001 1 0 10.3923048454133 
2 1 3 
p 0.00400000408000001 1 -2.80056016805601 11.4822966890297 
2 2 3 
p 0.00400000408000001 1 -2.80056016805601 11.4822966890297 
2 2 3 
p 0.00400000408000001 1 0 10.3923048454133 
2 1 3 
p 0.00400000408000001 1 0 10.3923048454133 
2 1 2 
p 0.00400000408 1 0 8 
2 1 3 
p 0.00400000408 1 0 8 
2 2 4 
p 0.00400000408 1 0 8 
2 1 2 
p 0.00400000408 1 0 8 
2 1 2 
p 0.00400000408 1 0 8 
2 4 3 
p 0.00400000408 1 0 8 
2 1 2 
p 0.00400000408 1 0 8 
2 1 2 
p 0.00400000408 1 0 8 
2 1 3 
p 0.00400000408 1 0 8 
2 1 2 
p 0.00400000408 1 0 8 
2 1 2 
p 0.00400000408 1 0 8 
2 1 3 
p 0.00400000408 1 0 8 
2 2 4 
p 0.00400000408 1 0 8 
2 1 2 
p 0.00400000408 1 0 8 
2 1 2 
p 0.00400000408 1 0 8 
2 4 3 
p 0.00400000408 1 0 8 
2 1 2 
p 0.00400000408 1 0 8 
2 1 2 
p 0.00400000408 1 0 8 
2 2 3 
p 0.00400000408 1 0 10.3923048454133 
2 1 3 
p 0.00400000408 1 0 10.3923048454133 
2 3 1 
p 0.00400000408 1 -11.4822966890297 2.80056016805601 
2 3 2 
p 0.00400000408 1 -11.4822966890297 2.80056016805601 
2 3 2 
p 0.00400000408 1 -11.4822966890297 2.80056016805601 
2 3 1 
p 0.00400000408 1 -11.4822966890297 2.80056016805601 
2 2 4 
p 0.00400000408 1 0 8 
2 1 2 
p 0.00400000408 1 0 8 
2 1 2 
p 0.00400000408 1 0 8 
2 4 3 
p 0.00400000408 1 0 8 
2 1 2 
p 0.00400000408 1 0 8 
2 1 2 
p 0.00400000408 1 0 8 
2 2 3 
p 0.00400000408 1 0 10.3923048454133 
2 1 3 
p 0.00400000408 1 0 10.3923048454133 
2 1 3 
p 0.00400000408 1 -2.80056016805601 11.4822966890297 
2 2 3 
p 0.00400000408 1 -2.80056016805601 11.4822966890297 
2 2 3 
p 0.00400000408 1 0 10.3923048454133 
2 1 3 
p 0.00400000408 1 0 10.3923048454133 
Surfaces 72
1 20 0 20 2.2204460492503131e-16 1 -0 0 -0 -1 1 -2.2204460492503131e-16 0 
1 20 0 12 -4.3546529746182126e-17 -0.19611613513818404 -0.98058067569092022 -1 2.2204460492503131e-16 0 -2.1773264873091063e-16 -0.98058067569092022 0.19611613513818404 
1 11.999999999999998 0 12 -0.98058067569092022 -0.19611613513818382 -0 -0 0 1 0.19611613513818382 -0.98058067569092022 0 
1 20 0 20 -1 2.2204460492503131e-16 -0 0 -0 -1 2.2204460492503131e-16 1 -0 
1 20 8 20 0.19611613513818427 0.98058067569092022 -0 0 -0 -1 0.98058067569092022 -0.19611613513818427 0 
1 20 8 12 0.19611613513818404 -4.3546529746182126e-17 -0.98058067569092022 -2.2204460492503131e-16 -1 0 0.98058067569092022 -2.1773264873091063e-16 0.19611613513818404 
1 11.999999999999998 0 20 -0.98058067569092022 2.1773264873091063e-16 0.19611613513818404 2.2204460492503131e-16 1 0 0.19611613513818404 -4.3546529746182126e-17 0.98058067569092022 
1 20 0 20 -0 -0 -1 2.2204460492503131e-16 1 -0 -1 2.2204460492503131e-16 -0 
1 12 8.0000000000000018 20 2.1773264873091063e-16 0.98058067569092022 0.19611613513818404 1 -2.2204460492503131e-16 0 -4.3546529746182126e-17 -0.19611613513818404 0.98058067569092022 
1 0 0 0 1 0 0 0 0 1 0 -1 0 
1 0 0 0 0 1 0 0 -0 1 1 0 -0 
1 0 0 8 -0.19611613513818404 0 0.98058067569092022 0 1 0 -0.98058067569092022 0 -0.19611613513818404 
1 0 8 8 -0.19611613513818404 0.98058067569092022 0 0 0 -1 -0.98058067569092022 -0.19611613513818404 -0 
1 0 0 0 0 0 1 1 0 -0 -0 1 0 
1 8 0 0 0.98058067569092022 -0.19611613513818404 0 0 0 1 -0.19611613513818404 -0.98058067569092022 0 
1 8 0 8 0 -0.19611613513818404 0.98058067569092022 -1 0 0 -0 -0.98058067569092022 -0.19611613513818404 
1 0 8 0 0 0.98058067569092022 -0.19611613513818404 1 0 0 0 -0.19611613513818404 -0.98058067569092022 
1 8 8 0 0.98058067569092022 0 -0.19611613513818404 0 -1 0 -0.19611613513818404 -0 -0.98058067569092022 
1 20 -1.7763568394002505e-15 0 1.1102230246251565e-16 1 0 0 -0 1 1 -1.1102230246251565e-16 -0 
1 20 -1.7763568394002505e-15 0 -1 1.1102230246251565e-16 0 0 0 1 1.1102230246251565e-16 1 -0 
1 20 -1.7763568394002505e-15 8 -2.1773264873091063e-17 -0.19611613513818404 0.98058067569092022 -1 1.1102230246251565e-16 0 -1.0886632436545532e-16 -0.98058067569092022 -0.19611613513818404 
1 12 -8.8817841970012523e-16 8 -0.98058067569092022 -0.19611613513818393 0 -0 0 -1 0.19611613513818393 -0.98058067569092022 -0 
1 20 -1.7763568394002505e-15 0 0 0 1 1.1102230246251565e-16 1 -0 -1 1.1102230246251565e-16 0 
1 20 7.9999999999999982 0 0.19611613513818416 0.98058067569092022 0 0 -0 1 0.98058067569092022 -0.19611613513818416 -0 
1 20 7.9999999999999982 8 0.19611613513818404 -2.1773264873091063e-17 0.98058067569092022 -1.1102230246251565e-16 -1 0 0.98058067569092022 -1.0886632436545532e-16 -0.19611613513818404 
1 12 -8.8817841970012523e-16 0 -0.98058067569092022 1.0886632436545532e-16 -0.19611613513818404 1.1102230246251565e-16 1 0 0.19611613513818404 -2.1773264873091063e-17 -0.98058067569092022 
1 12 7.9999999999999982 0 1.0886632436545532e-16 0.98058067569092022 -0.19611613513818404 1 -1.1102230246251565e-16 0 -2.1773264873091063e-17 -0.19611613513818404 -0.98058067569092022 
1 20 20 0 -1 1.2246467991473532e-16 0 0 0 1 1.2246467991473532e-16 1 -0 
1 20 20 0 -1.2246467991473532e-16 -1 0 0 0 1 -1 1.2246467991473532e-16 0 
1 20 20 8 0.19611613513818404 -2.4017299715812686e-17 0.98058067569092022 -1.224646799147353e-16 -1 -3.0814879110195767e-33 0.98058067569092022 -1.2008649857906339e-16 -0.19611613513818404 
1 20 12 8 0.19611613513818393 -0.98058067569092022 0 0 -0 -1 0.98058067569092022 0.19611613513818393 0 
1 20 20 0 0 0 1 -1 1.2246467991473532e-16 0 -1.2246467991473532e-16 -1 0 
1 12 20 0 -0.98058067569092022 0.19611613513818416 0 0 0 1 0.19611613513818416 0.98058067569092022 -0 
1 12 20 8 2.4017299715812686e-17 0.19611613513818404 0.98058067569092022 1 -1.224646799147353e-16 -3.0814879110195767e-33 1.2008649857906339e-16 0.98058067569092022 -0.19611613513818404 
1 20 12 0 -1.2008649857906342e-16 -0.98058067569092022 -0.19611613513818404 -1 1.224646799147353e-16 -3.0814879110195767e-33 2.4017299715812683e-17 0.19611613513818404 -0.98058067569092022 
1 11.999999999999998 12 0 -0.98058067569092022 1.2008649857906342e-16 -0.19611613513818404 1.224646799147353e-16 1 -3.0814879110195767e-33 0.19611613513818404 -2.4017299715812683e-17 -0.98058067569092022 
1 1.7763568394002505e-15 20 0 -2.2204460492503131e-16 -1 0 0 0 1 -1 2.2204460492503131e-16 0 
1 1.7763568394002505e-15 20 0 1 -2.2204460492503131e-16 0 0 0 1 -2.2204460492503131e-16 -1 0 
1 1.7763568394002505e-15 20 8 4.3546529746182126e-17 0.19611613513818404 0.98058067569092022 1 -2.2204460492503131e-16 0 2.1773264873091063e-16 0.98058067569092022 -0.19611613513818404 
1 8.0000000000000018 20 8 0.98058067569092022 0.19611613513818382 0 0 0 -1 -0.19611613513818382 0.98058067569092022 0 
1 1.7763568394002505e-15 20 0 0 0 1 -2.2204460492503131e-16 -1 0 1 -2.2204460492503131e-16 0 
1 0 12 0 -0.19611613513818427 -0.98058067569092022 0 0 0 1 -0.98058067569092022 0.19611613513818427 0 
1 0 12 8 -0.19611613513818404 4.3546529746182126e-17 0.98058067569092022 2.2204460492503131e-16 1 0 -0.98058067569092022 2.1773264873091063e-16 -0.19611613513818404 
1 8.0000000000000018 20 0 0.98058067569092022 -2.1773264873091063e-16 -0.19611613513818404 -2.2204460492503131e-16 -1 0 -0.19611613513818404 4.3546529746182126e-17 -0.98058067569092022 
1 8 11.999999999999998 0 -2.1773264873091063e-16 -0.98058067569092022 -0.19611613513818404 -1 2.2204460492503131e-16 0 4.3546529746182126e-17 0.19611613513818404 -0.98058067569092022 
1 20 20 20 -1 -0 -0 0 0 -1 -0 1 -0 
1 20 20 12 0.19611613513818404 -0 -0.98058067569092022 -0 -1 0 0.98058067569092022 -0 0.19611613513818404 
1 20 12 12 0.19611613513818404 -0.98058067569092022 -0 0 -0 1 0.98058067569092022 0.19611613513818404 -0 
1 20 20 20 -0 -1 -0 0 0 -1 -1 0 -0 
1 12 20 20 -0.98058067569092022 0.19611613513818404 -0 0 -0 -1 0.19611613513818404 0.98058067569092022 -0 
1 12 20 12 -0 0.19611613513818404 -0.98058067569092022 1 0 -0 -0 0.98058067569092022 0.19611613513818404 
1 20 12 20 -0 -0.98058067569092022 0.19611613513818404 -1 0 -0 -0 0.19611613513818404 0.98058067569092022 
1 20 20 20 -0 -0 -1 -1 0 0 -0 -1 0 
1 12 12 20 -0.98058067569092022 -0 0.19611613513818404 -0 1 0 0.19611613513818404 -0 0.98058067569092022 
1 0 20 20 -1.1102230246251565e-16 -1 -0 0 0 -1 -1 1.1102230246251565e-16 -0 
1 0 20 12 2.1773264873091063e-17 0.19611613513818404 -0.98058067569092022 1 -1.1102230246251565e-16 0 1.0886632436545532e-16 0.98058067569092022 0.19611613513818404 
1 8 20 12 0.98058067569092022 0.19611613513818393 -0 0 0 1 -0.19611613513818393 0.98058067569092022 -0 
1 0 20 20 1 -1.1102230246251565e-16 -0 -0 0 -1 -1.1102230246251565e-16 -1 -0 
1 0 12.000000000000002 20 -0.19611613513818416 -0.98058067569092022 -0 0 0 -1 -0.98058067569092022 0.19611613513818416 -0 
1 0 12.000000000000002 12 -0.19611613513818404 2.1773264873091063e-17 -0.98058067569092022 1.1102230246251565e-16 1 0 -0.98058067569092022 1.0886632436545532e-16 0.19611613513818404 
1 8 20 20 0.98058067569092022 -1.0886632436545532e-16 0.19611613513818404 -1.1102230246251565e-16 -1 0 -0.19611613513818404 2.1773264873091063e-17 0.98058067569092022 
1 0 20 20 -0 -0 -1 -1.1102230246251565e-16 -1 0 1 -1.1102230246251565e-16 -0 
1 8 12.000000000000002 20 -1.0886632436545532e-16 -0.98058067569092022 0.19611613513818404 -1 1.1102230246251565e-16 0 2.1773264873091063e-17 0.19611613513818404 0.98058067569092022 
1 0 0 20 1 -1.2246467991473532e-16 -0 -0 0 -1 -1.2246467991473532e-16 -1 -0 
1 0 0 12 -0.19611613513818404 2.4017299715812686e-17 -0.98058067569092022 1.224646799147353e-16 1 3.0814879110195767e-33 -0.98058067569092022 1.2008649857906339e-16 0.19611613513818404 
1 0 8 12 -0.19611613513818393 0.98058067569092022 -0 0 0 1 -0.98058067569092022 -0.19611613513818393 0 
1 0 0 20 1.2246467991473532e-16 1 -0 0 -0 -1 1 -1.2246467991473532e-16 0 
1 8 0 20 0.98058067569092022 -0.19611613513818416 -0 -0 0 -1 -0.19611613513818416 -0.98058067569092022 -0 
1 8 0 12 -2.4017299715812686e-17 -0.19611613513818404 -0.98058067569092022 -1 1.224646799147353e-16 3.0814879110195767e-33 -1.2008649857906339e-16 -0.98058067569092022 0.19611613513818404 
1 0 8 20 1.2008649857906342e-16 0.98058067569092022 0.19611613513818404 1 -1.224646799147353e-16 3.0814879110195767e-33 -2.4017299715812683e-17 -0.19611613513818404 0.98058067569092022 
1 0 0 20 -0 -0 -1 1 -1.2246467991473532e-16 0 1.2246467991473532e-16 1 -0 
1 8.0000000000000018 8 20 0.98058067569092022 -1.2008649857906342e-16 0.19611613513818404 -1.224646799147353e-16 -1 3.0814879110195767e-33 -0.19611613513818404 2.4017299715812683e-17 0.98058067569092022 
Triangulations 120
4 2 1 0.00400000408000001
20 0 20 20 0 12 12 0 20 12 0 12 0 0 8 0 0 -8 8 -8 2 1 3 2 3 4 
4 2 1 0.00400000408000001
20 0 20 20 8 20 20 0 12 20 8 12 0 0 0 8 8 0 8 8 4 2 1 4 1 3 
3 1 1 0.00400000408000001
20 0 12 12 0 12 10 10 10 2.88657986402541e-15 -1.24344978758018e-14 8 1.77635683940025e-15 10 -10.1980390271856 2 1 3 
3 1 1 0.00400000408000001
20 0 12 12 0 12 10 10 10 2.88657986402541e-15 -1.24344978758018e-14 8 1.77635683940025e-15 10 -10.1980390271856 2 1 3 
3 1 1 0.00400000408000001
12 0 12 12 0 20 10 10 10 0 0 7.99999999999999 -1.77635683940025e-15 -2 -10.1980390271856 2 1 3 
3 1 1 0.00400000408000001
12 0 12 12 0 20 10 10 10 0 0 7.99999999999999 -1.77635683940025e-15 -2 -10.1980390271856 2 1 3 
4 2 1 0.00400000408000001
20 0 20 12 0 20 20 8 20 12 8 20 0 0 -1.77635683940025e-15 8 8 1.77635683940025e-15 8 8 4 2 1 4 1 3 
3 1 1 0.00400000408000001
20 8 20 20 8 12 10 10 10 -1.11022302462516e-15 -1.4210854715202e-14 8 0 10 -10.1980390271856 2 1 3 
3 1 1 0.00400000408000001
20 8 20 20 8 12 10 10 10 -1.11022302462516e-15 -1.4210854715202e-14 8 0 10 -10.1980390271856 2 1 3 
3 1 1 0.00400000408000001
20 8 12 20 0 12 10 10 10 0 0 7.99999999999999 0 -2 -10.1980390271856 2 1 3 
3 1 1 0.00400000408000001
20 8 12 20 0 12 10 10 10 0 0 7.99999999999999 0 -2 -10.1980390271856 2 1 3 
3 1 1 0.00400000408000001
12 0 20 12 8 20 10 10 10 2.44249065417534e-15 -1.24344978758018e-14 8 0 10 -10.1980390271856 2 1 3 
3 1 1 0.00400000408000001
12 0 20 12 8 20 10 10 10 2.44249065417534e-15 -1.24344978758018e-14 8 0 10 -10.1980390271856 2 1 3 
3 1 1 0.00400000408000001
12 8 20 20 8 20 10 10 10 0 0 7.99999999999999 1.77635683940025e-15 -2.00000000000001 -10.1980390271856 2 1 3 
3 1 1 0.00400000408000001
12 8 20 20 8 20 10 10 10 0 0 7.99999999999999 1.77635683940025e-15 -2.00000000000001 -10.1980390271856 2 1 3 
4 2 1 0.00400000408000001
0 0 0 0 0 8 0 8 0 0 8 8 0 0 8 0 0 -8 8 -8 2 1 3 2 3 4 
4 2 1 0.00400000408000001
0 0 0 8 0 0 0 0 8 8 0 8 0 0 0 8 8 0 8 8 4 2 1 4 1 3 
3 1 1 0.00400000408000001
0 0 8 0 8 8 10 10 10 0 -1.24344978758018e-14 8 0 10 -10.1980390271856 2 1 3 
3 1 1 0.00400000408000001
0 0 8 0 8 8 10 10 10 0 -1.24344978758018e-14 8 0 10 -10.1980390271856 2 1 3 
3 1 1 0.00400000408000001
0 8 8 0 8 0 10 10 10 0 0 7.99999999999999 0 -2 -10.1980390271856 2 1 3 
3 1 1 0.00400000408000001
0 8 8 0 8 0 10 10 10 0 0 7.99999999999999 0 -2 -10.1980390271856 2 1 3 
4 2 1 0.00400000408000001
0 0 0 0 8 0 8 0 0 8 8 0 0 0 0 8 8 0 8 8 4 2 1 4 1 3 
3 1 1 0.00400000408000001
8 0 0 8 0 8 10 10 10 0 -1.24344978758018e-14 8 0 10 -10.1980390271856 2 1 3 
3 1 1 0.00400000408000001
8 0 0 8 0 8 10 10 10 0 -1.24344978758018e-14 8 0 10 -10.1980390271856 2 1 3 
3 1 1 0.00400000408000001
8 0 8 0 0 8 10 10 10 0 0 7.99999999999999 0 -2 -10.1980390271856 2 1 3 
3 1 1 0.00400000408000001
8 0 8 0 0 8 10 10 10 0 0 7.99999999999999 0 -2 -10.1980390271856 2 1 3 
3 1 1 0.00400000408000001
0 8 0 8 8 0 10 10 10 0 -1.24344978758018e-14 8 0 10 -10.1980390271856 2 1 3 
3 1 1 0.00400000408000001
0 8 0 8 8 0 10 10 10 0 -1.24344978758018e-14 8 0 10 -10.1980390271856 2 1 3 
3 1 1 0.00400000408000001
